  0.10000E+01 	 1.2313869587707903e-19	 2.7891850362138137e-20	 1
  0.99970E+00 	 1.5410033002557237e-12	 7.5974839206424701e-14	 1.4877763612023636
  0.99880E+00 	 3.9427973806882587e-10	 1.9437541018397439e-11	 1.4877942734299088
  0.99729E+00 	 1.009327642116265e-08	 4.9721504747747957e-10	 1.4890315250525312
  0.99518E+00 	 1.0050696037722655e-07	 4.9372843953300794e-09	 1.4932766587350947
  0.99248E+00 	 5.9388443307514888e-07	 2.8934824409701344e-08	 1.5058339526404367
  0.98918E+00 	 2.5001315074865917e-06	 1.1953498663085314e-07	 1.5351324579714463
  0.98528E+00 	 8.2151533609024094e-06	 3.7932583545518092e-07	 1.592825905068681
  0.98079E+00 	 2.213901473439984e-05	 9.7057617065960195e-07	 1.69037233504825
  0.97570E+00 	 5.0435618148936051e-05	 2.0766230858180821e-06	 1.8356905274898359
  0.97003E+00 	 9.9332229685144727e-05	 3.839431574627618e-06	 2.0358594091194235
  0.96378E+00 	 0.00017249291479649986	 6.3209952607839022e-06	 2.3039033372455102
  0.95694E+00 	 0.00026904635333945768	 9.4901479136953493e-06	 2.6408546875244192
  0.94953E+00 	 0.00038342790247305721	 1.3178126526083608e-05	 3.0033513224938457
  0.94154E+00 	 0.00050669628486643215	 1.7049088653643463e-05	 3.3069238471628437
  0.93299E+00 	 0.0006284689003352898	 2.0726824013915083e-05	 3.4934490635575268
  0.92388E+00 	 0.00073904837047937956	 2.4017393133640287e-05	 3.5866226152981513
  0.91421E+00 	 0.00083106241398811314	 2.689414731881676e-05	 3.6418326416503306
  0.90399E+00 	 0.00090039449839028054	 2.9379417030343009e-05	 3.7014721449878185
  0.89322E+00 	 0.00094629704393769216	 3.1448172146563071e-05	 3.7814709928528836
  0.88192E+00 	 0.00097075664738389977	 3.3017702180636782e-05	 3.8658266834744341
  0.87009E+00 	 0.0009774934497659702	 3.39853115296724e-05	 3.9153558630298724
  0.85773E+00 	 0.00097048631657136342	 3.4228250504337466e-05	 3.8830374325425461
  0.84485E+00 	 0.00095318505417820441	 3.377282111719924e-05	 3.7502373808798355
  0.83147E+00 	 0.00092847029509984975	 3.7075691679388292e-05	 4.5143739744601357
  0.81758E+00 	 0.00089897690045516909	 3.6839041017651458e-05	 4.4839215987864627
  0.80321E+00 	 0.00086765232152732766	 3.5668070263469628e-05	 4.2208092271811193
  0.78835E+00 	 0.00083723416476602251	 3.2606479089332489e-05	 3.5098475975645518
  0.77301E+00 	 0.00080932620280730217	 3.3335398981651305e-05	 3.5940788502035965
  0.75721E+00 	 0.00078471230244469843	 3.177414596089771e-05	 3.159673686638333
  0.74095E+00 	 0.00076323475605469401	 3.2542730155964398e-05	 3.1739408638281965
  0.72425E+00 	 0.00074430948929402627	 3.3330477733120784e-05	 3.1740778382105925
  0.70711E+00 	 0.00072719069167894541	 3.3914978966014137e-05	 3.1441109716916351
  0.68954E+00 	 0.00071184170569490871	 3.4359350551155433e-05	 3.1080214226029623
  0.67156E+00 	 0.0006993378912558447	 3.4944809838943914e-05	 3.091912930009495
  0.65317E+00 	 0.0006902040727306811	 3.5774617077127908e-05	 3.0762029913674223
  0.63439E+00 	 0.0006838935527438253	 3.6774871995589821e-05	 3.0491701043742321
  0.61523E+00 	 0.00067982325252244141	 3.7898286230688127e-05	 3.0416015796728222
  0.59570E+00 	 0.00067784984686243327	 3.8973012832984398e-05	 3.0600124783467164
  0.57581E+00 	 0.00067904740952233586	 3.9942045237247885e-05	 3.1034700287325645
  0.55557E+00 	 0.00068351156947574015	 4.0700859426560822e-05	 3.1472691081204598
  0.53500E+00 	 0.0006894867184018777	 4.1117369811357047e-05	 3.1761651003986549
  0.51410E+00 	 0.00069675142229577681	 4.1062896953326792e-05	 3.2010967563522228
  0.49290E+00 	 0.00070560457552980456	 4.0698707812030459e-05	 3.2277967689673877
  0.47140E+00 	 0.00071731004603182644	 4.0432896978706095e-05	 3.2608107325516427
  0.44961E+00 	 0.0007309679010884556	 4.0233632004891637e-05	 3.3151225475965282
  0.42756E+00 	 0.00074562984771799968	 3.9078041195939408e-05	 3.2083425954970659
  0.40524E+00 	 0.00076092110324609062	 3.8603856547901572e-05	 3.224868443296943
  0.38268E+00 	 0.00077613764106465013	 3.8593051937656237e-05	 3.3410490780967783
  0.35990E+00 	 0.00079116578031374095	 3.7430258158950942e-05	 3.2278059515742754
  0.33689E+00 	 0.00080671800219240446	 3.6983258628559061e-05	 3.1717324693963742
  0.31368E+00 	 0.00082281937033007826	 3.7169492146740844e-05	 3.1958748467007232
  0.29028E+00 	 0.00083890099455861673	 3.7540113003312013e-05	 3.2711278696651029
  0.26671E+00 	 0.00085434938677195183	 4.0765281640347756e-05	 3.8714197964329111
  0.24298E+00 	 0.00086801787342223418	 4.0898903955654274e-05	 3.9174257175708567
  0.21910E+00 	 0.00087930037367313916	 3.8432504370632032e-05	 3.4972918338706496
  0.19509E+00 	 0.00089036920731072763	 3.8351099915519854e-05	 3.5502495296188821
  0.17096E+00 	 0.0009007712490135939	 3.7961541159592653e-05	 3.5687850090564797
  0.14673E+00 	 0.00091015656538053402	 3.7387547284019122e-05	 3.5608339197855674
  0.12241E+00 	 0.00091918785569303023	 3.715089758174839e-05	 3.5937331242499373
  0.98017E-01 	 0.00092682594069182461	 3.703802420588617e-05	 3.6419133603940037
  0.73565E-01 	 0.00093490759540260375	 3.7234604535870409e-05	 3.7139191840359627
  0.49068E-01 	 0.00094349561957846376	 3.7474780817680411e-05	 3.7911633155367919
  0.24541E-01 	 0.00094858734037705421	 3.7506867318656351e-05	 3.8265483208036453
  0.61232E-16 	 0.00095058162669327468	 3.7401182493609434e-05	 3.8200037489262706
 -0.24541E-01 	 0.00094942348838792539	 3.6967372404406412e-05	 3.771874500929965
 -0.49068E-01 	 0.00094611788315121319	 3.6797363402154032e-05	 3.7594484528773817
 -0.73565E-01 	 0.00094245376790424334	 3.6985214398210474e-05	 3.8144651789147996
 -0.98017E-01 	 0.00093983265397775946	 3.7566635730679287e-05	 3.9319692420909833
 -0.12241E+00 	 0.0009356162933471337	 3.8458559685071817e-05	 4.0521712009233486
 -0.14673E+00 	 0.00092803206453749587	 3.9378692107941143e-05	 4.1471936296182141
 -0.17096E+00 	 0.00091854261855024537	 4.2855996589862503e-05	 4.8272412712730377
 -0.19509E+00 	 0.00090711159704727018	 4.2127688666475122e-05	 4.6131822531598452
 -0.21910E+00 	 0.00089236802433866785	 4.1554669194647255e-05	 4.4425395312643419
 -0.24298E+00 	 0.00087245798039952858	 4.1020336546156269e-05	 4.3545148114145782
 -0.26671E+00 	 0.00084906245952640568	 4.0342917408684692e-05	 4.2896364591481868
 -0.29028E+00 	 0.00082707264767831342	 3.9833760478018587e-05	 4.2341353888632556
 -0.31368E+00 	 0.00080586138360983547	 3.5931524648770743e-05	 3.5095606205273726
 -0.33689E+00 	 0.0007845609715068253	 3.4564557933693071e-05	 3.340271142874879
 -0.35990E+00 	 0.00076313393886194916	 3.3127644272704153e-05	 3.2128188230720811
 -0.38268E+00 	 0.00074189557797603911	 3.1707777000038454e-05	 3.1473929430388226
 -0.40524E+00 	 0.0007233123068112107	 3.043710518850228e-05	 3.1026838893950668
 -0.42756E+00 	 0.00070664920892516824	 2.9494616839456692e-05	 3.0580419816917872
 -0.44961E+00 	 0.00069079485039395155	 2.8898304218637369e-05	 3.0352602297900968
 -0.47140E+00 	 0.00067652564005838995	 2.8654115447324891e-05	 3.0453860442563938
 -0.49290E+00 	 0.00066307200064655064	 2.820998888385535e-05	 3.0343618459278821
 -0.51410E+00 	 0.00065030391382315167	 2.7535472931488208e-05	 3.007383670320956
 -0.53500E+00 	 0.00063968009462373983	 2.6930962258727477e-05	 2.98692400441568
 -0.55557E+00 	 0.00063125392908986756	 2.6310733206609482e-05	 2.9504111335599168
 -0.57581E+00 	 0.00062587807687584896	 2.5667816223318003e-05	 2.8984845402598229
 -0.59570E+00 	 0.00062393744483485664	 2.517052502311161e-05	 2.8506005403415622
 -0.61523E+00 	 0.00062525540156251253	 2.4862992110537536e-05	 2.8155040853915314
 -0.63439E+00 	 0.00062950689205285677	 2.4557877513296716e-05	 2.7815807414100493
 -0.65317E+00 	 0.0006362740000248261	 2.4102851097336325e-05	 2.7452684007229831
 -0.67156E+00 	 0.00064540254345974259	 2.3653777502966298e-05	 2.7115122835416106
 -0.68954E+00 	 0.00065780858111660965	 2.3407299672263385e-05	 2.6822782849954683
 -0.70711E+00 	 0.00067440848856848811	 2.3351587349151609e-05	 2.6534754347403151
 -0.72425E+00 	 0.00069493879201473676	 2.3537877396727092e-05	 2.6389124674012336
 -0.74095E+00 	 0.00071903114950855904	 2.3969590200313816e-05	 2.6453050187167082
 -0.75721E+00 	 0.00074596567264732425	 2.4512868337977269e-05	 2.6614734088897674
 -0.77301E+00 	 0.00077582957951094261	 2.5048827818004495e-05	 2.6705036491834493
 -0.78835E+00 	 0.00080845624433497569	 2.5493157588773148e-05	 2.669613933041953
 -0.80321E+00 	 0.0008428561154803331	 2.5995209291643652e-05	 2.6849727465515798
 -0.81758E+00 	 0.00087828403594561693	 2.6774127004901904e-05	 2.7330938496360182
 -0.83147E+00 	 0.00091287049607585767	 2.7931734339132705e-05	 2.8244781536696211
 -0.84485E+00 	 0.00094404412658071174	 2.9485172916954752e-05	 2.9674004357487491
 -0.85773E+00 	 0.00096882095267462659	 3.1274113947066964e-05	 3.1515264983491948
 -0.87009E+00 	 0.00098321048546163464	 3.2960251081532636e-05	 3.3574694480242293
 -0.88192E+00 	 0.00098273863164831236	 3.6470873414301199e-05	 4.0578231254787012
 -0.89322E+00 	 0.00096312321849317427	 3.5808776509746294e-05	 4.0207293985592942
 -0.90399E+00 	 0.00092077684673575681	 3.411466030117709e-05	 3.9206163752418308
 -0.91421E+00 	 0.00085368990512556351	 3.1600679843187262e-05	 3.8027808910176417
 -0.92388E+00 	 0.00076229941917947881	 2.8398210635384275e-05	 3.6934351387497184
 -0.93299E+00 	 0.00065050034586732928	 2.3373246016657785e-05	 3.2422848491945562
 -0.94154E+00 	 0.00052579276413120316	 2.1001813099592984e-05	 3.696604080288632
 -0.94953E+00 	 0.00039831122090262338	 1.6777314704024646e-05	 3.7173657535824858
 -0.95694E+00 	 0.00027928045071475314	 1.2388508840469304e-05	 3.6607540748685863
 -0.96378E+00 	 0.00017867900367614161	 8.3578972603121662e-06	 3.5560517959301636
 -0.97003E+00 	 0.00010267404017779372	 5.0857381564116167e-06	 3.4268191115650359
 -0.97570E+00 	 5.2075544110827939e-05	 2.7483946572364872e-06	 3.2844000237741939
 -0.98079E+00 	 2.2867835583905348e-05	 1.2880387613743931e-06	 3.1100835873982318
 -0.98528E+00 	 8.5014773201181202e-06	 5.0743267661845386e-07	 2.8974739150789821
 -0.98918E+00 	 2.5940341014008211e-06	 1.6154780719660183e-07	 2.6906812783016969
 -0.99248E+00 	 6.1749947989422669e-07	 3.5412858264981422e-08	 2.0594628499901808
 -0.99518E+00 	 1.0461736933553023e-07	 6.0697169297302442e-09	 2.0070477375833113
 -0.99729E+00 	 1.0509749675130136e-08	 6.1206756465808587e-10	 1.9893652920416363
 -0.99880E+00 	 4.1057571195772331e-10	 2.3929184044381202e-11	 1.9858622963862538
 -0.99970E+00 	 1.6046912982463703e-12	 9.3533764782949571e-14	 1.9851511761340432
 -0.10000E+01 	 2.1714341134666037e-19	 5.3805929862056665e-20	 1
