  0.10000E+01 	 -0.00027699432189284704	 6.1398310827182864e-06	 2.8230341846353446
  0.99970E+00 	 -0.00027692962657580841	 6.1384312692703604e-06	 2.8218402079111731
  0.99880E+00 	 -0.00027700169921752809	 6.1395224700724931e-06	 2.8219096073178371
  0.99729E+00 	 -0.00027724894582664933	 6.141684256021593e-06	 2.8216499383189095
  0.99518E+00 	 -0.00027768449291926139	 6.137836789400519e-06	 2.8219354050223386
  0.99248E+00 	 -0.00027808774851329426	 6.1070999616308588e-06	 2.8232747002166119
  0.98918E+00 	 -0.00027788761858180903	 6.0099809717836831e-06	 2.8277155934440468
  0.98528E+00 	 -0.0002761722649309617	 5.7972232408134428e-06	 2.8373214635268824
  0.98079E+00 	 -0.00027197510933320046	 5.4382191806725979e-06	 2.8559339773640273
  0.97570E+00 	 -0.00026495762212188555	 4.9694910501477073e-06	 2.8993153633922062
  0.97003E+00 	 -0.00025609767194191346	 4.6612687297720393e-06	 3.2011423761079678
  0.96378E+00 	 -0.00024762815746472296	 4.2844061416431311e-06	 3.2875519125635977
  0.95694E+00 	 -0.00024188335112366376	 4.117095781971716e-06	 3.3341410359398642
  0.94953E+00 	 -0.00023996840568234857	 4.1673941521655798e-06	 3.3568769557274143
  0.94154E+00 	 -0.00024137321448585371	 4.3363555280188288e-06	 3.3948671688353036
  0.93299E+00 	 -0.00024448584333767456	 4.5057810322300685e-06	 3.4638920005289577
  0.92388E+00 	 -0.00024739588977297966	 4.5830570791695591e-06	 3.5314354347592745
  0.91421E+00 	 -0.00024880321158001509	 4.5380296838208205e-06	 3.569779430696316
  0.90399E+00 	 -0.00024812901938590606	 4.3845786239702783e-06	 3.5708598377006071
  0.89322E+00 	 -0.00024534405477026513	 4.172604109419184e-06	 3.5519649489484082
  0.88192E+00 	 -0.00024070278087096376	 3.9370041861074651e-06	 3.4991779386389985
  0.87009E+00 	 -0.00023453293403191493	 3.7257712820598884e-06	 3.4460523304800965
  0.85773E+00 	 -0.00022716485504708437	 3.5279549327103154e-06	 3.3664876047613546
  0.84485E+00 	 -0.00021904268252518345	 3.3550551519988618e-06	 3.2600291211825891
  0.83147E+00 	 -0.00021062484188614575	 3.322592692297167e-06	 3.3460703572711243
  0.81758E+00 	 -0.00020231767571092524	 3.20982316954238e-06	 3.202769437635884
  0.80321E+00 	 -0.00019409654766952241	 3.1067478806611324e-06	 3.0999836488023309
  0.78835E+00 	 -0.00018594241496873819	 3.00723065371555e-06	 3.0567492633607212
  0.77301E+00 	 -0.00017786965413477747	 2.934353949759556e-06	 3.1317681712287464
  0.75721E+00 	 -0.0001700158760927323	 2.8481731898941108e-06	 3.2149028493796066
  0.74095E+00 	 -0.00016241464030876491	 2.7521493007763455e-06	 3.2525127546130186
  0.72425E+00 	 -0.00015542073485929849	 2.6794811851024149e-06	 3.2952082391112545
  0.70711E+00 	 -0.00014909482774472555	 2.6162543840287732e-06	 3.2642056125582006
  0.68954E+00 	 -0.00014333447067258606	 2.6022884511942532e-06	 3.2253806589606038
  0.67156E+00 	 -0.00013810595745912145	 2.5797165987485915e-06	 3.2210358227015199
  0.65317E+00 	 -0.00013357532656706257	 2.5117645179617832e-06	 3.1604993756712139
  0.63439E+00 	 -0.00012965840791605496	 2.4872616958799698e-06	 3.1470721993280706
  0.61523E+00 	 -0.00012628005695277872	 2.4716852200470062e-06	 3.1318316145143776
  0.59570E+00 	 -0.000123095648755718	 2.4523762437535429e-06	 3.1736006978580407
  0.57581E+00 	 -0.00012006043682247923	 2.4320023146572407e-06	 3.1599658737692589
  0.55557E+00 	 -0.0001172302348766955	 2.4090408929823908e-06	 3.1808066506673063
  0.53500E+00 	 -0.00011476899298837453	 3.4464361574887396e-06	 6.5138581074373967
  0.51410E+00 	 -0.00011257005982602028	 3.4751399588309591e-06	 6.6850083509601328
  0.49290E+00 	 -0.00011071396726265315	 3.5075907767291239e-06	 6.8257978923203764
  0.47140E+00 	 -0.00010895985911042295	 3.4695612434003259e-06	 6.9072330106002919
  0.44961E+00 	 -0.0001074668343187059	 3.3888501999696055e-06	 6.8098604423865092
  0.42756E+00 	 -0.00010656203265541226	 3.1235078344812342e-06	 5.9155879083234684
  0.40524E+00 	 -0.00010564415448020529	 2.6713818487404632e-06	 4.297628876050303
  0.38268E+00 	 -0.00010489340573409599	 2.7514902616757675e-06	 4.5179300125898818
  0.35990E+00 	 -0.00010448372377438448	 3.2899317673582896e-06	 6.3179666526178586
  0.33689E+00 	 -0.00010394793297291829	 3.2744612898315109e-06	 6.5387237770271316
  0.31368E+00 	 -0.00010337298599673706	 3.2612396760583836e-06	 6.7639884633076397
  0.29028E+00 	 -0.00010308210015898049	 3.2969851892206905e-06	 6.8625818662080666
  0.26671E+00 	 -0.00010295862462049275	 3.0551927664374936e-06	 5.7602548581351023
  0.24298E+00 	 -0.00010304583241627388	 3.0191746828416146e-06	 5.6489451167470941
  0.21910E+00 	 -0.00010351511261430583	 2.9500595992055677e-06	 5.3180150156081991
  0.19509E+00 	 -0.00010411962998137049	 2.9009309432095371e-06	 5.2214861096636369
  0.17096E+00 	 -0.00010457481648304059	 2.883125435087925e-06	 5.1388581800963875
  0.14673E+00 	 -0.00010490850309991395	 2.8270443913145317e-06	 5.069019870648285
  0.12241E+00 	 -0.0001054040243863194	 2.2836033642454167e-06	 3.4382232114117177
  0.98017E-01 	 -0.00010598519278313972	 2.2307610232377021e-06	 3.3235762569285217
  0.73565E-01 	 -0.00010621026281713317	 2.1463279087034614e-06	 3.1905682278469456
  0.49068E-01 	 -0.00010571147578284043	 2.0999040174699475e-06	 3.2444597239485207
  0.24541E-01 	 -0.00010555915157061509	 2.1108802565511507e-06	 3.333380242019556
  0.61232E-16 	 -0.00010574236154000118	 2.1310013477821874e-06	 3.3260590395317839
 -0.24541E-01 	 -0.00010599062646563515	 2.2781289248335166e-06	 3.563942446058459
 -0.49068E-01 	 -0.00010608808304843559	 2.3839316154353866e-06	 3.7216431717305021
 -0.73565E-01 	 -0.00010609641982056751	 2.4699159428135178e-06	 3.8696758758362102
 -0.98017E-01 	 -0.00010590693930321432	 2.5768096440255972e-06	 4.0378087854811486
 -0.12241E+00 	 -0.00010592040791633289	 2.897070830978434e-06	 4.8115062127847477
 -0.14673E+00 	 -0.00010606853134734362	 2.8821205747019411e-06	 4.7266333870633011
 -0.17096E+00 	 -0.00010597988707113093	 2.7220452866781063e-06	 4.2188522311542442
 -0.19509E+00 	 -0.00010573787579492685	 2.7672779026546047e-06	 4.3190715439302565
 -0.21910E+00 	 -0.00010551704286242901	 2.7755040394236138e-06	 4.2798899150026992
 -0.24298E+00 	 -0.00010519528339182522	 2.7383598580155212e-06	 4.1311436054603199
 -0.26671E+00 	 -0.00010501480293629778	 2.7173259028181863e-06	 4.0113288824885736
 -0.29028E+00 	 -0.00010458017924067144	 2.6571688445838613e-06	 3.9205294925373479
 -0.31368E+00 	 -0.00010447220163700794	 2.615767553237494e-06	 3.8743200856926792
 -0.33689E+00 	 -0.0001044828400544243	 2.5739249965078726e-06	 3.7977637595890461
 -0.35990E+00 	 -0.00010461693468523447	 2.5432189780017958e-06	 3.8149524866182332
 -0.38268E+00 	 -0.00010509720380643724	 2.5886845021475631e-06	 4.0483048915254249
 -0.40524E+00 	 -0.00010552280541862056	 2.793155857247897e-06	 4.7157319579821158
 -0.42756E+00 	 -0.00010616093828821327	 2.7047678335233368e-06	 4.3723209155487117
 -0.44961E+00 	 -0.00010717875351366446	 2.6496055979193504e-06	 4.1088726478597595
 -0.47140E+00 	 -0.00010838891594161018	 2.5821751577630865e-06	 3.894236788700967
 -0.49290E+00 	 -0.00011005420030951533	 2.556815140071017e-06	 3.785613872749571
 -0.51410E+00 	 -0.00011165058234901497	 2.5834418248989351e-06	 3.8044634930572725
 -0.53500E+00 	 -0.00011347965001109436	 2.7065425633913451e-06	 4.0765965619848217
 -0.55557E+00 	 -0.00011593502290147035	 2.8598237598985245e-06	 4.344463760154464
 -0.57581E+00 	 -0.00011888651176602044	 2.9488894964018128e-06	 4.410384212567692
 -0.59570E+00 	 -0.00012212274605736368	 2.9865108304171627e-06	 4.3564154612800516
 -0.61523E+00 	 -0.00012564519250417481	 3.0322816685542646e-06	 4.380466625972355
 -0.63439E+00 	 -0.00012944727054689287	 3.1124942193710993e-06	 4.5683590936129344
 -0.65317E+00 	 -0.00013369554462377883	 3.1567744814371953e-06	 4.5054062244797608
 -0.67156E+00 	 -0.00013850010267657699	 3.1888919603205458e-06	 4.341201274899011
 -0.68954E+00 	 -0.00014362218084856593	 3.1709956026796005e-06	 4.1832267618670897
 -0.70711E+00 	 -0.00014904216931273324	 3.1803810873381307e-06	 4.1533245012158568
 -0.72425E+00 	 -0.0001547623235777103	 3.2035842691006416e-06	 4.1842438491823639
 -0.74095E+00 	 -0.00016083076830995216	 3.232664411733496e-06	 4.2062641097415412
 -0.75721E+00 	 -0.00016751694214101683	 3.2698578494631289e-06	 4.1219301762456872
 -0.77301E+00 	 -0.0001748694208701026	 3.3365807866071171e-06	 4.1006489793665528
 -0.78835E+00 	 -0.000182743158139812	 3.406156756274863e-06	 4.074347348592922
 -0.80321E+00 	 -0.0001907081765759612	 3.2710817889963322e-06	 3.5751938902007079
 -0.81758E+00 	 -0.00019874682211702208	 3.4178342468183893e-06	 3.6447012813876878
 -0.83147E+00 	 -0.00020668161120928325	 3.562078277937688e-06	 3.6694597489304286
 -0.84485E+00 	 -0.00021462775074803612	 3.7497488412617703e-06	 3.6620141410403937
 -0.85773E+00 	 -0.00022219217440671419	 3.9884489768898204e-06	 3.7314964061958253
 -0.87009E+00 	 -0.00022900682751945394	 4.6042761001360168e-06	 4.5610786080879855
 -0.88192E+00 	 -0.00023477859368563464	 4.9634901507553679e-06	 4.8862442386451894
 -0.89322E+00 	 -0.00023900562221494562	 5.3682114660371496e-06	 5.2698002060731808
 -0.90399E+00 	 -0.00024141698631959243	 5.7829044607386998e-06	 5.6330409129514214
 -0.91421E+00 	 -0.00024189915259548685	 5.2522332431183939e-06	 4.3324199120707085
 -0.92388E+00 	 -0.00024065250628165879	 5.390569658623309e-06	 4.3216419149747569
 -0.93299E+00 	 -0.00023842681644256167	 5.4422260088361694e-06	 4.2983540306471948
 -0.94154E+00 	 -0.00023641959923593212	 5.3746282117543118e-06	 4.2498193781395095
 -0.94953E+00 	 -0.00023630250597656431	 5.2875464989022388e-06	 4.2374656513573914
 -0.95694E+00 	 -0.0002395690858316603	 5.3641109298844847e-06	 4.2826137211965003
 -0.96378E+00 	 -0.00024659671776279947	 5.7141851431432446e-06	 4.2926192683926265
 -0.97003E+00 	 -0.00025615903447659226	 6.695266638290642e-06	 4.7992710438699362
 -0.97570E+00 	 -0.00026597023884094293	 7.3868787695394676e-06	 4.7216706418542138
 -0.98079E+00 	 -0.00027378653219179366	 7.9938540921664332e-06	 4.6556046159472793
 -0.98528E+00 	 -0.00027856466917668636	 8.4315031056068976e-06	 4.608115586572084
 -0.98918E+00 	 -0.00028062265393708602	 8.6776851337675077e-06	 4.5678897736501458
 -0.99248E+00 	 -0.00028100478942407224	 8.7800988519306734e-06	 4.5363852674091714
 -0.99518E+00 	 -0.00028067683352016472	 8.8016601893356718e-06	 4.514784679781747
 -0.99729E+00 	 -0.00028027199240596379	 8.7970509752857895e-06	 4.5041475418141248
 -0.99880E+00 	 -0.0002800300472530035	 8.789103921476066e-06	 4.4993864280758986
 -0.99970E+00 	 -0.00027996209713729444	 8.7872166711211295e-06	 4.4987444925998874
 -0.10000E+01 	 -0.00028001353844041483	 8.7842145481126363e-06	 4.4959785177949083
