  0.10000E+01 	 1.4295214136120791e-07	 7.0438306598781064e-09	 1.4898821350317322
  0.99970E+00 	 1.4288659465633667e-07	 7.0447427962545844e-09	 1.4876649968240039
  0.99880E+00 	 1.4291695339356803e-07	 7.0433829072689086e-09	 1.488473299611353
  0.99729E+00 	 1.4288046933334738e-07	 7.0253069115331438e-09	 1.4918218476995724
  0.99518E+00 	 1.4223639926472834e-07	 6.9291646831273758e-09	 1.5065677642868107
  0.99248E+00 	 1.3979419475843463e-07	 6.6430558897123241e-09	 1.547974557670861
  0.98918E+00 	 1.3407272330815351e-07	 6.0680543198131347e-09	 1.6443245793772989
  0.98528E+00 	 1.2444518681616292e-07	 5.2717834125784298e-09	 1.8252386948040107
  0.98079E+00 	 1.1210023710103796e-07	 4.4591164011532017e-09	 2.0813494077280912
  0.97570E+00 	 9.9350160413064508e-08	 3.7777681780709751e-09	 2.3449309281711694
  0.97003E+00 	 8.81279726275956e-08	 3.2556992183163471e-09	 2.5249394666115035
  0.96378E+00 	 7.9950581761472112e-08	 2.8957495647718872e-09	 2.5187320364342902
  0.95694E+00 	 7.5936908594659716e-08	 2.8577909051654247e-09	 2.5462355844507649
  0.94953E+00 	 7.5818248074903769e-08	 3.0511606090001194e-09	 2.6858421867041451
  0.94154E+00 	 7.8774125026249278e-08	 3.1768496455552601e-09	 2.6212322079029038
  0.93299E+00 	 8.3442024866731223e-08	 3.5427405567718219e-09	 2.956223666363023
  0.92388E+00 	 8.8553216953389556e-08	 3.6862101271235834e-09	 2.9939234756126498
  0.91421E+00 	 9.3350938955176449e-08	 3.7239824043566934e-09	 2.8934390537586334
  0.90399E+00 	 9.7442156377615629e-08	 3.7125142127816421e-09	 2.8158740080012619
  0.89322E+00 	 1.0098410724096031e-07	 3.6975579134191674e-09	 2.7227892012831885
  0.88192E+00 	 1.0296594951398066e-07	 3.6407320949235036e-09	 2.6622978455581006
  0.87009E+00 	 1.0374437785192947e-07	 3.5538262813139684e-09	 2.565455382784918
  0.85773E+00 	 1.0264634007996133e-07	 3.3864568774791076e-09	 2.5063430664754129
  0.84485E+00 	 1.0000317255616299e-07	 3.2144394201899581e-09	 2.4475553306491804
  0.83147E+00 	 9.6329338521344131e-08	 3.0229672089258664e-09	 2.4000242107531964
  0.81758E+00 	 9.2189825211414402e-08	 2.8964565393477102e-09	 2.3021585031393159
  0.80321E+00 	 8.7479285151872915e-08	 2.8274173290438252e-09	 2.4239536569038789
  0.78835E+00 	 8.2241759449163363e-08	 2.6860419289749062e-09	 2.4049904514773175
  0.77301E+00 	 7.6628953771428341e-08	 2.4732864941043988e-09	 2.2536067916399176
  0.75721E+00 	 7.1100946879874319e-08	 2.2659992219109436e-09	 2.1655404043064563
  0.74095E+00 	 6.5348236419387459e-08	 2.0773605323144241e-09	 2.3197478979359709
  0.72425E+00 	 6.0542867756500831e-08	 2.0086476045374109e-09	 2.3428386208063277
  0.70711E+00 	 5.6080932803265818e-08	 1.9340750731126577e-09	 2.4536877574593157
  0.68954E+00 	 5.2237997534775889e-08	 1.921690654916829e-09	 2.4167873349345945
  0.67156E+00 	 4.897214345160032e-08	 1.9343421090911356e-09	 2.6164219055405287
  0.65317E+00 	 4.6108049869115583e-08	 1.7993841572492983e-09	 2.5559127060423052
  0.63439E+00 	 4.4018077347683148e-08	 1.7826990135232747e-09	 2.4199416837538816
  0.61523E+00 	 4.2123872153415884e-08	 1.7841827933538964e-09	 2.4378819276308854
  0.59570E+00 	 4.0017543951871517e-08	 1.7559316747589694e-09	 2.5162585246311564
  0.57581E+00 	 3.800573171851332e-08	 1.7328929520930338e-09	 2.6202621011139042
  0.55557E+00 	 3.6252474283239299e-08	 1.7023810866580385e-09	 2.7506602116830603
  0.53500E+00 	 3.4642923757087895e-08	 1.5684316442874446e-09	 2.3130121047264605
  0.51410E+00 	 3.299555253222125e-08	 1.454009118165336e-09	 2.1496701546150185
  0.49290E+00 	 3.1827304584050349e-08	 1.3928187087811907e-09	 1.9664477277714607
  0.47140E+00 	 3.0705398014559468e-08	 1.3440716422109603e-09	 1.9199918140194141
  0.44961E+00 	 2.9514622927811881e-08	 1.2446614504850715e-09	 2.1469571988162408
  0.42756E+00 	 2.941666808455935e-08	 1.3642113509839154e-09	 2.5506317928370827
  0.40524E+00 	 2.8885988378027176e-08	 1.365917129178657e-09	 2.4331288831887692
  0.38268E+00 	 2.8344274280842671e-08	 1.2946876674735459e-09	 2.2521941252587916
  0.35990E+00 	 2.8358281085969991e-08	 1.4441532309148162e-09	 2.2532721661669668
  0.33689E+00 	 2.7683050858977068e-08	 1.3997800172592481e-09	 2.5152369409967075
  0.31368E+00 	 2.6847864057964886e-08	 1.2753993411314157e-09	 2.6743490983002722
  0.29028E+00 	 2.6822336672869948e-08	 1.3173535223185002e-09	 2.567606923261585
  0.26671E+00 	 2.6817608395574958e-08	 1.3607233834045044e-09	 2.1703481307298347
  0.24298E+00 	 2.6679404748363161e-08	 1.2609305430287897e-09	 2.1964925308160521
  0.21910E+00 	 2.6993014035451399e-08	 1.2692893909601872e-09	 2.0625469357226285
  0.19509E+00 	 2.7356036772838283e-08	 1.2984407884202171e-09	 2.2128322595714374
  0.17096E+00 	 2.726101334177196e-08	 1.3212624677004725e-09	 2.2278623166838454
  0.14673E+00 	 2.7238913644983887e-08	 1.3174504874153498e-09	 2.2895988079978959
  0.12241E+00 	 2.7406170547582649e-08	 1.2612119388916948e-09	 2.1700306788795132
  0.98017E-01 	 2.7778103188126301e-08	 1.2216916839392766e-09	 1.8861095120406486
  0.73565E-01 	 2.8111964963811347e-08	 1.225284183943154e-09	 1.4963339899216297
  0.49068E-01 	 2.6750418546278794e-08	 1.0700047710774675e-09	 1.8187458517505142
  0.24541E-01 	 2.6279384383780494e-08	 1.0686656272002403e-09	 2.1206183993173826
  0.61232E-16 	 2.6220245779002028e-08	 1.1123182075260995e-09	 2.3650110986000574
 -0.24541E-01 	 2.659643726904053e-08	 1.1808464852638852e-09	 2.3412686817390478
 -0.49068E-01 	 2.7028712037423187e-08	 1.382896210632668e-09	 2.6977370386724622
 -0.73565E-01 	 2.6943277085192847e-08	 1.3867958985534097e-09	 2.8000694010630407
 -0.98017E-01 	 2.6788581733776302e-08	 1.3672031667860245e-09	 2.8036401699567355
 -0.12241E+00 	 2.7086755378538793e-08	 1.4138615432060997e-09	 2.612096556343888
 -0.14673E+00 	 2.7284734749176588e-08	 1.2895999388475539e-09	 2.0205856222107283
 -0.17096E+00 	 2.7054010679385071e-08	 1.2910727533760246e-09	 2.5839172334453693
 -0.19509E+00 	 2.7054923539275671e-08	 1.3688004865330732e-09	 2.834375192166779
 -0.21910E+00 	 2.7191920375627352e-08	 1.4141664233432579e-09	 2.8368252989401928
 -0.24298E+00 	 2.7115403950246818e-08	 1.4251897840173294e-09	 2.8698456227798208
 -0.26671E+00 	 2.737039524857326e-08	 1.4308880167246422e-09	 2.7188160473229899
 -0.29028E+00 	 2.730606929907154e-08	 1.564814435006851e-09	 3.0290362726378062
 -0.31368E+00 	 2.7343677761331745e-08	 1.5155594599748158e-09	 3.242019507740372
 -0.33689E+00 	 2.7485663152188478e-08	 1.3879552003653402e-09	 2.8963361496734135
 -0.35990E+00 	 2.7485476528149339e-08	 1.3793696263357884e-09	 2.9810041971089456
 -0.38268E+00 	 2.7758525908137495e-08	 1.2908082898457774e-09	 2.6751543368308419
 -0.40524E+00 	 2.8308283354326298e-08	 1.3301978471281122e-09	 2.4502203248418111
 -0.42756E+00 	 2.8724199289644965e-08	 1.3449236032900046e-09	 2.3236138181818862
 -0.44961E+00 	 2.9544288014761771e-08	 1.3585196699966191e-09	 2.2272954681174095
 -0.47140E+00 	 3.0513370048597591e-08	 1.3317877214354313e-09	 2.0400726921203827
 -0.49290E+00 	 3.193092585243919e-08	 1.4520167986228805e-09	 2.3616449424680122
 -0.51410E+00 	 3.3028446718678689e-08	 1.5685664569081145e-09	 2.6445533494426594
 -0.53500E+00 	 3.4059159764748271e-08	 1.6122762898227693e-09	 2.8372437419632193
 -0.55557E+00 	 3.5665257258512293e-08	 1.6354767802856823e-09	 2.529513071991103
 -0.57581E+00 	 3.7561199879974319e-08	 1.7091791471314109e-09	 2.5473295671962006
 -0.59570E+00 	 3.9782115742686448e-08	 1.9334935169363865e-09	 2.6378759112399237
 -0.61523E+00 	 4.1644812678096811e-08	 1.9370717179923363e-09	 2.8114683340582132
 -0.63439E+00 	 4.3769629625801221e-08	 1.9025640725903176e-09	 2.7782657564923277
 -0.65317E+00 	 4.6385685939273371e-08	 1.8384242535637779e-09	 2.2883492003350696
 -0.67156E+00 	 4.9587376923954305e-08	 1.9893211848724853e-09	 2.4794943520759198
 -0.68954E+00 	 5.2856947139759498e-08	 2.0163972181203568e-09	 2.4541074807905461
 -0.70711E+00 	 5.6132669454141262e-08	 2.0643111566525896e-09	 2.4371437717849318
 -0.72425E+00 	 5.9590558523661853e-08	 2.119710542075901e-09	 2.5145780387926213
 -0.74095E+00 	 6.3507684749384812e-08	 2.2209384756466293e-09	 2.634068463309859
 -0.75721E+00 	 6.8360576890020435e-08	 2.3546206763179813e-09	 2.4115093799007017
 -0.77301E+00 	 7.3173841819331419e-08	 2.7427086650536692e-09	 2.8498760261804166
 -0.78835E+00 	 7.8317539072849686e-08	 2.7133638975810611e-09	 2.7217049834123506
 -0.80321E+00 	 8.2754260159245746e-08	 2.8752693583750485e-09	 2.7749225190517288
 -0.81758E+00 	 8.7778983148469814e-08	 3.1512574592049301e-09	 2.8396761781963469
 -0.83147E+00 	 9.182078219644788e-08	 3.3431663303306635e-09	 2.852110556075512
 -0.84485E+00 	 9.523351124747267e-08	 3.799393886239832e-09	 3.2120806439845135
 -0.85773E+00 	 9.7601141876167953e-08	 4.005228305977912e-09	 3.2173585637970969
 -0.87009E+00 	 9.8377137612103597e-08	 3.8468602447473822e-09	 2.8261506740032587
 -0.88192E+00 	 9.7466605899562296e-08	 3.8812248704328317e-09	 2.8985199306388836
 -0.89322E+00 	 9.5306169765117368e-08	 3.906665814795773e-09	 2.9768191612519743
 -0.90399E+00 	 9.1976287879225743e-08	 3.8662863449949567e-09	 3.0963790254379644
 -0.91421E+00 	 8.7877455036124363e-08	 3.7168989541478719e-09	 3.2148406004883587
 -0.92388E+00 	 8.3455764204717891e-08	 3.6458349827672284e-09	 3.3034480595415907
 -0.93299E+00 	 7.9284212387860581e-08	 3.5550139823799645e-09	 3.2889081984788691
 -0.94154E+00 	 7.5680255873471743e-08	 3.4077665460599388e-09	 3.1546462894431917
 -0.94953E+00 	 7.3678674308542474e-08	 3.2334499379971451e-09	 3.000659626050826
 -0.95694E+00 	 7.4791119919382259e-08	 3.1272514391958826e-09	 2.8670186143360454
 -0.96378E+00 	 7.9927826153216101e-08	 3.2615051398953725e-09	 2.854347871602652
 -0.97003E+00 	 8.9260274386834754e-08	 4.0733218124657627e-09	 3.4816387458063027
 -0.97570E+00 	 1.0161565289434957e-07	 4.9696270327505506e-09	 3.555407523689579
 -0.98079E+00 	 1.1524763714237198e-07	 5.9716442934259023e-09	 3.4435236814555266
 -0.98528E+00 	 1.2821338139601979e-07	 7.0458874685368383e-09	 3.2608030421877783
 -0.98918E+00 	 1.3850923783202262e-07	 8.1277226381759761e-09	 3.024565646401443
 -0.99248E+00 	 1.4497396498107553e-07	 8.986887833139946e-09	 2.7395906297966177
 -0.99518E+00 	 1.4791387351697203e-07	 8.4961276483579644e-09	 2.05803281442157
 -0.99729E+00 	 1.4875152623985745e-07	 8.6454334056556769e-09	 2.0000055458009771
 -0.99880E+00 	 1.4882156882207531e-07	 8.6726540271434684e-09	 1.9861723646887572
 -0.99970E+00 	 1.4879268189364989e-07	 8.6725278515655421e-09	 1.9854265280316499
 -0.10000E+01 	 1.488597668847329e-07	 8.6770715044521857e-09	 1.9817202416243491
