  0.10000E+01 	 -0.99999999557439545	 6.3556004837600416e-09	 1
  0.99970E+00 	 -0.99795188586508266	 1.5991068471508079e-05	 4.8263803746446801
  0.99880E+00 	 -0.991808783877974	 6.3953595318426705e-05	 4.8263493432490856
  0.99729E+00 	 -0.98157463324477578	 0.00014385539903256312	 4.8264079678872793
  0.99518E+00 	 -0.9672573474259234	 0.00025560064770996003	 4.826677254112977
  0.99248E+00 	 -0.94887364083145176	 0.00039892126354991155	 4.8278253463747323
  0.98918E+00 	 -0.92646118799896726	 0.00057305479982104092	 4.8311818264783373
  0.98528E+00 	 -0.90010352798170701	 0.00077627472487271879	 4.8407518393115385
  0.98079E+00 	 -0.86997126752038223	 0.0010048797078011764	 4.861013316946865
  0.97570E+00 	 -0.83637686063435857	 0.0012517500957403142	 4.8938360803582066
  0.97003E+00 	 -0.79982806630067216	 0.00150583237252803	 4.9406696272253638
  0.96378E+00 	 -0.76105483791302764	 0.0017523649673531416	 4.9986310789913144
  0.95694E+00 	 -0.7209854005392502	 0.0019801947752272737	 5.0862062802749488
  0.94953E+00 	 -0.68066478036135158	 0.0021764194692389803	 5.1922663512136458
  0.94154E+00 	 -0.64113443623924238	 0.0023327020472079961	 5.3020011417666195
  0.93299E+00 	 -0.60330814778199249	 0.0024676050053407282	 5.4887452383495861
  0.92388E+00 	 -0.56787971528156012	 0.0026189174170936935	 5.8829837614686173
  0.91421E+00 	 -0.53528270684386314	 0.0028389769975627659	 6.68997139071866
  0.90399E+00 	 -0.5057020960495594	 0.0030979381215687414	 7.7747505770599643
  0.89322E+00 	 -0.47911881603366901	 0.0031148921265534528	 7.7157794650999154
  0.88192E+00 	 -0.45536689049366658	 0.0036488842870264185	 10.340259914497466
  0.87009E+00 	 -0.43418873461522151	 0.0039290102019612135	 11.721527889003671
  0.85773E+00 	 -0.41528508982960588	 0.0042043778753783831	 13.095343508755711
  0.84485E+00 	 -0.39834821340390525	 0.0044627297318988735	 14.373315397317768
  0.83147E+00 	 -0.38307631876216963	 0.0046914054406422528	 15.472510770162872
  0.81758E+00 	 -0.36918808507974715	 0.0052248308912406158	 18.627689711987344
  0.80321E+00 	 -0.35644432263049819	 0.0053030287825228785	 18.774512124342621
  0.78835E+00 	 -0.3446469478465875	 0.005334108883833716	 18.648591955226269
  0.77301E+00 	 -0.33363327931991538	 0.0053256739557963175	 18.339413116257091
  0.75721E+00 	 -0.32327356289648401	 0.0052882383644455942	 17.948918068187321
  0.74095E+00 	 -0.31345770028258302	 0.0052356774529100231	 17.590958813757609
  0.72425E+00 	 -0.30407829903737776	 0.0051862121199637507	 17.393470996206268
  0.70711E+00 	 -0.29504809529280324	 0.0051375031647375438	 17.321414108278514
  0.68954E+00 	 -0.28629558411193767	 0.0050634470888516565	 17.173990266481987
  0.67156E+00 	 -0.27775076115857567	 0.0049486725620804268	 16.83067252713499
  0.65317E+00 	 -0.26935788762356472	 0.0048056472176410299	 16.356963545734974
  0.63439E+00 	 -0.26107504929774261	 0.0046459029546344023	 15.804677767550784
  0.61523E+00 	 -0.25286745371611724	 0.0044703009423441168	 15.15251676333391
  0.59570E+00 	 -0.24471485928371919	 0.004303550588343039	 14.547871534349831
  0.57581E+00 	 -0.23659696781138514	 0.004159164251871959	 14.1015323792462
  0.55557E+00 	 -0.22848945112553684	 0.0040248686879045875	 13.735431055057328
  0.53500E+00 	 -0.22037579514738179	 0.0038982038343276632	 13.396928527631434
  0.51410E+00 	 -0.21223799311369451	 0.0037772391173059544	 13.031344626561523
  0.49290E+00 	 -0.20406315103086003	 0.0036562706270949832	 12.559863811186842
  0.47140E+00 	 -0.19584251168680181	 0.0032608606814946155	 10.228700549332308
  0.44961E+00 	 -0.18758343461407379	 0.0031178895594137467	 9.4665714060259507
  0.42756E+00 	 -0.17927158600497214	 0.0033181187064246342	 10.723738556723767
  0.40524E+00 	 -0.17086436098144481	 0.0032905512737067596	 10.523529843116865
  0.38268E+00 	 -0.16232298124525935	 0.0032853487270223226	 10.434764490867662
  0.35990E+00 	 -0.15363080979009083	 0.0033113119275501018	 10.516277102708521
  0.33689E+00 	 -0.14478182140491475	 0.0033675726995694389	 10.761513979700657
  0.31368E+00 	 -0.13578534705205367	 0.0034282500796976802	 11.034731314454651
  0.29028E+00 	 -0.12665431988646222	 0.0034652006789717758	 11.193475904463844
  0.26671E+00 	 -0.11739320759509307	 0.0034739145323618484	 11.24078259751971
  0.24298E+00 	 -0.10797613910371046	 0.0034619269567851261	 11.216593364197236
  0.21910E+00 	 -0.098355015468867824	 0.00319472754807294	 9.6179937280929053
  0.19509E+00 	 -0.08848977079653958	 0.0032459596923389202	 9.8812124094168592
  0.17096E+00 	 -0.078395026790698055	 0.0031006939803987213	 8.9267008471379228
  0.14673E+00 	 -0.068111314069636178	 0.0030436218176336438	 8.4727482827290448
  0.12241E+00 	 -0.057658561765874507	 0.0030268760782327848	 8.2494440111910841
  0.98017E-01 	 -0.047045480330505741	 0.00303863488631732	 8.1921350150273931
  0.73565E-01 	 -0.036316149016884035	 0.0031901530528733492	 8.8844744607318287
  0.49068E-01 	 -0.025530968266328096	 0.0031315459141212916	 8.4537126122771848
  0.24541E-01 	 -0.01471622416604396	 0.0030733834791350687	 8.075032196065882
  0.61232E-16 	 -0.0038501925423655931	 0.0030136478715524252	 7.7617436246283571
 -0.24541E-01 	 0.0070661310884396729	 0.0029390746882000007	 7.45911931607725
 -0.49068E-01 	 0.01799034317352247	 0.0028333981220513634	 7.0950535206065561
 -0.73565E-01 	 0.028873143080713638	 0.0027001655614711899	 6.6807580834351636
 -0.98017E-01 	 0.039687331581258083	 0.0025657197173595049	 6.3086510584415691
 -0.12241E+00 	 0.050426114031791619	 0.0024564695299422513	 6.060208553110833
 -0.14673E+00 	 0.06109246235158465	 0.0023851589542929433	 5.9581414711741907
 -0.17096E+00 	 0.07168138099487599	 0.002345659196431218	 5.9547436196384789
 -0.19509E+00 	 0.082172254877163231	 0.0023219012386921124	 5.9664988564634616
 -0.21910E+00 	 0.092522016678054514	 0.0023116428645435136	 6.0003754370727824
 -0.24298E+00 	 0.10271043500476702	 0.0023289107068579576	 6.1378625782543157
 -0.26671E+00 	 0.11273583335584302	 0.0023777699625390078	 6.391725239499892
 -0.29028E+00 	 0.12256892823899469	 0.002433515472648036	 6.6416528405454622
 -0.31368E+00 	 0.1321894610602842	 0.0024734653039088475	 6.7807798858704436
 -0.33689E+00 	 0.1416141308957832	 0.0024991470529086932	 6.8276603405670651
 -0.35990E+00 	 0.1508679075782148	 0.0025144530816530114	 6.8201766106319868
 -0.38268E+00 	 0.15998423612308171	 0.0025321804174587978	 6.8430139477436347
 -0.40524E+00 	 0.16894977092838065	 0.0025703536350694767	 7.0051300672238472
 -0.42756E+00 	 0.17773665163755015	 0.0026310622754178252	 7.3141399313447737
 -0.44961E+00 	 0.18635933095496243	 0.0027048128861670018	 7.7005842638263147
 -0.47140E+00 	 0.1948466619535309	 0.0027809884748033081	 8.0903455085592544
 -0.49290E+00 	 0.20323979653950969	 0.0028514926815656526	 8.4302780530841162
 -0.51410E+00 	 0.21156790871796557	 0.0029071864595550667	 8.6629439995746296
 -0.53500E+00 	 0.21983012404824998	 0.0029374361009488464	 8.731656971403801
 -0.55557E+00 	 0.2280481517833253	 0.0029434543005714695	 8.6615376164587143
 -0.57581E+00 	 0.23624668896293774	 0.0029491180571652531	 8.608093049645829
 -0.59570E+00 	 0.24444932502511221	 0.0029776069365060128	 8.7237884128052681
 -0.61523E+00 	 0.25269186669684773	 0.003026687582247133	 8.9875381821861566
 -0.63439E+00 	 0.26100507769701925	 0.0030730928503447264	 9.2536499409664703
 -0.65317E+00 	 0.26941024804583324	 0.0031041495758973412	 9.4392755945823534
 -0.67156E+00 	 0.27792662902722204	 0.0031246179610308717	 9.5475542737733985
 -0.68954E+00 	 0.28658182694879597	 0.003144976407303711	 9.6205038095369471
 -0.70711E+00 	 0.29541158123905176	 0.0031816604418569996	 9.7574191029063293
 -0.72425E+00 	 0.30445771998774673	 0.0032453908950879208	 10.046550345188257
 -0.74095E+00 	 0.31378340881264755	 0.003324279305831789	 10.435296051752919
 -0.75721E+00 	 0.32348327913575775	 0.0033965562632362403	 10.780161899242763
 -0.77301E+00 	 0.33368836358486559	 0.0034538433460588351	 10.99478845913727
 -0.78835E+00 	 0.34454872528518532	 0.0035025695271827997	 11.074263855339632
 -0.80321E+00 	 0.35621857323262446	 0.0035515031022476241	 11.035451736248026
 -0.81758E+00 	 0.36887339678729741	 0.0031940173249336849	 8.5857965135931327
 -0.83147E+00 	 0.382719890693139	 0.0032150563447236025	 8.2331260609379466
 -0.84485E+00 	 0.39799684133367336	 0.0032853431973927636	 8.0587237962132239
 -0.85773E+00 	 0.41497999369047306	 0.003389156214219096	 7.9920071607765237
 -0.87009E+00 	 0.43397651876765431	 0.0035118330227989717	 7.9810772464939177
 -0.88192E+00 	 0.45529916520832714	 0.0035729258531948462	 7.7100167693881758
 -0.89322E+00 	 0.47923544832233722	 0.0036535301154912072	 7.5861610021730135
 -0.90399E+00 	 0.50602116475255698	 0.0037119330754447183	 7.4766760379991251
 -0.91421E+00 	 0.53580068377945944	 0.0037427401847413082	 7.4099526484141629
 -0.92388E+00 	 0.5685711379527767	 0.003712899302693173	 7.3073622504952365
 -0.93299E+00 	 0.60412643085530249	 0.0036357959479595744	 7.267227861152656
 -0.94154E+00 	 0.64201806687574958	 0.0034784235263034444	 7.1928872838521487
 -0.94953E+00 	 0.68154953208770186	 0.0032400950253510452	 7.083986386738415
 -0.95694E+00 	 0.72181712874282244	 0.0029356661406499066	 6.968968133650189
 -0.96378E+00 	 0.76179689598605915	 0.002588541545948259	 6.8866901471275783
 -0.97003E+00 	 0.80046206792694574	 0.0022123555481161242	 6.8057287303212988
 -0.97570E+00 	 0.83689886022869853	 0.0018317194594776216	 6.7390848129441805
 -0.98079E+00 	 0.87038657446354828	 0.0014666221899403719	 6.6910773711660125
 -0.98528E+00 	 0.90042224189120346	 0.0011312684648282767	 6.6605742417817924
 -0.98918E+00 	 0.9266955130989174	 0.00083433818780416979	 6.6431293171111179
 -0.99248E+00 	 0.94903640859407834	 0.00058048422851323994	 6.6341760341195286
 -0.99518E+00 	 0.96736156575268262	 0.00037183349705627734	 6.6299028197135055
 -0.99729E+00 	 0.98163326952258556	 0.00020925132026374877	 6.6282668279993562
 -0.99880E+00 	 0.99183486428998546	 9.3020935426342763e-05	 6.6273897714376258
 -0.99970E+00 	 0.99795840388601376	 2.3259435241091552e-05	 6.6275533484433096
 -0.10000E+01 	 1.0000000085786205	 7.309063304209359e-09	 1
