  0.10000E+01 	 2.1046803158188502e-11	 1.5533057955086249e-12	 1.7878909284196887
  0.99970E+00 	 6.4306840291486798e-07	 1.4254295939863465e-08	 2.8219027110768993
  0.99880E+00 	 1.0286415554238072e-05	 2.280047331905522e-07	 2.8217981029393697
  0.99729E+00 	 5.2053570817346188e-05	 1.1536218103287684e-06	 2.8217347603519185
  0.99518E+00 	 0.00016439603071540508	 3.6411159482487456e-06	 2.8214785267400124
  0.99248E+00 	 0.00040068711544050166	 8.8578833175601284e-06	 2.8212974627212626
  0.98918E+00 	 0.00082752126204650191	 1.820914001384633e-05	 2.8213884574564929
  0.98528E+00 	 0.0015195490623144351	 3.311486665767345e-05	 2.8220265010210484
  0.98079E+00 	 0.0025477784706637863	 5.4562378790775395e-05	 2.8232139611593827
  0.97570E+00 	 0.0039596277408063619	 8.2500093375289651e-05	 2.8252533169488867
  0.97003E+00 	 0.005754404423959439	 0.00011543641562049827	 2.8309538384300637
  0.96378E+00 	 0.0078651081287138321	 0.00015060677774168579	 2.8438334054135996
  0.95694E+00 	 0.010159406595522145	 0.000184942178805196	 2.8711184691537071
  0.94953E+00 	 0.012464006439005268	 0.00021592603748261385	 2.915759764755486
  0.94154E+00 	 0.014603213831396572	 0.00024321901840187695	 3.0036782989365012
  0.93299E+00 	 0.01643563813476474	 0.00026820505180761439	 3.1669143125389843
  0.92388E+00 	 0.017875978805300653	 0.00029140203183661474	 3.3986093691836845
  0.91421E+00 	 0.018897476911147109	 0.00033629474648656012	 4.2465725038715707
  0.90399E+00 	 0.019521257443661486	 0.00034656086994172113	 4.3378786747855393
  0.89322E+00 	 0.019800182804851081	 0.00035360344568246421	 4.4274041336183618
  0.88192E+00 	 0.019802866572957632	 0.00035687145195077827	 4.4938746108098568
  0.87009E+00 	 0.019600416293673577	 0.00035591322533416037	 4.5116505767542288
  0.85773E+00 	 0.019257618068229353	 0.00035091930290303782	 4.4646532689114027
  0.84485E+00 	 0.018826967588924635	 0.00034355907483330975	 4.3745151159761653
  0.83147E+00 	 0.018346568224601775	 0.00033665361756836918	 4.3021660519522253
  0.81758E+00 	 0.017843936266760497	 0.00033250336627627114	 4.2973235497365048
  0.80321E+00 	 0.017343810568285288	 0.00033155385403830194	 4.3533171966934843
  0.78835E+00 	 0.016866070839732641	 0.00033325960491196159	 4.4357732599688466
  0.77301E+00 	 0.016422984827719419	 0.00030863143305963277	 3.7939143898074126
  0.75721E+00 	 0.016020462086565986	 0.00031089112032772721	 3.7914904745673659
  0.74095E+00 	 0.015659000731880115	 0.0003149297645392464	 3.80509851391245
  0.72425E+00 	 0.015331900310315965	 0.00031937250488215215	 3.8179737079060714
  0.70711E+00 	 0.015036812597882769	 0.00032276362049768638	 3.8123788437993125
  0.68954E+00 	 0.014778161017054132	 0.00032551200123612651	 3.794247606919507
  0.67156E+00 	 0.014558820347211347	 0.0003287500756541888	 3.7787666183816553
  0.65317E+00 	 0.014375773931514881	 0.0003328920974783733	 3.7676127608085843
  0.63439E+00 	 0.014222849294588799	 0.00033797600480033806	 3.7719388659158448
  0.61523E+00 	 0.014097816712177358	 0.00034369495058749264	 3.7917803177732945
  0.59570E+00 	 0.014006718840999778	 0.00034959389573987245	 3.8133093071718824
  0.57581E+00 	 0.013955241993752428	 0.0003547762050265166	 3.8270263723826634
  0.55557E+00 	 0.013945515899769702	 0.00035882855197601915	 3.8301347159477563
  0.53500E+00 	 0.013974120620219577	 0.0003629831173748866	 3.8567366823941565
  0.51410E+00 	 0.014037605168428112	 0.00036771714986296052	 3.9356066239585412
  0.49290E+00 	 0.014136869379927376	 0.00037079014345271354	 4.0242353220973976
  0.47140E+00 	 0.014275267381538902	 0.00037228383942107193	 4.0781142575945522
  0.44961E+00 	 0.014449943817303228	 0.00037430149439905631	 4.1136228263193795
  0.42756E+00 	 0.014653122515480789	 0.00039024055073610627	 4.4161066142703982
  0.40524E+00 	 0.014879595877819349	 0.00039489117073317274	 4.4524635747117669
  0.38268E+00 	 0.015122671187130026	 0.0003985720304834996	 4.4654343101000755
  0.35990E+00 	 0.015379994668103483	 0.0004013319241015114	 4.4493522749530667
  0.33689E+00 	 0.015660095551081159	 0.00040555126827095854	 4.4413460312694815
  0.31368E+00 	 0.015963267974060363	 0.00041325729282010686	 4.4947838520986068
  0.29028E+00 	 0.016281149682493237	 0.00038891088956156445	 3.8879589767010354
  0.26671E+00 	 0.016608961254444179	 0.00039944235321118547	 3.9832591031338116
  0.24298E+00 	 0.016940205447956169	 0.00041015746248497146	 4.0600197374679281
  0.21910E+00 	 0.017269362713266991	 0.00041743070285696435	 4.0873400790912111
  0.19509E+00 	 0.017594253456811936	 0.00042098142888839676	 4.0800721662485495
  0.17096E+00 	 0.017911266524148237	 0.00042126596648335785	 4.0436377460963593
  0.14673E+00 	 0.018212107167098323	 0.00041933804359492401	 3.9858994331171287
  0.12241E+00 	 0.018487670430521037	 0.00041804722329810766	 3.948380563033234
  0.98017E-01 	 0.018733883256293084	 0.00041805689631778902	 3.9339982050783386
  0.73565E-01 	 0.018952830320570744	 0.00041947465224051402	 3.9304467922230981
  0.49068E-01 	 0.019139627097767373	 0.0004223652970930901	 3.9676883364902125
  0.24541E-01 	 0.01927191907720778	 0.0004251129818766116	 4.0195240307928106
  0.61232E-16 	 0.019342123512532873	 0.00042703170548267502	 4.0647185489735271
 -0.24541E-01 	 0.019355591066683022	 0.00042787504374950974	 4.1156710724376548
 -0.49068E-01 	 0.019319779463749676	 0.00042988157365806301	 4.2025865942066032
 -0.73565E-01 	 0.019235374456758679	 0.00043415794186225687	 4.3446684936213682
 -0.98017E-01 	 0.019105088821081626	 0.00043952296596008674	 4.5044548433677045
 -0.12241E+00 	 0.018922712187966928	 0.00044310425603196905	 4.6108797177614678
 -0.14673E+00 	 0.01868586936743187	 0.00044452171708913305	 4.6786132953689492
 -0.17096E+00 	 0.01840475247925713	 0.00044273724434875706	 4.7107188577526111
 -0.19509E+00 	 0.01808499837686196	 0.00043983548789812047	 4.7244125740671299
 -0.21910E+00 	 0.017723376631728113	 0.00043584838153091403	 4.7269493543049217
 -0.24298E+00 	 0.017327964426607109	 0.00044555861366289739	 5.0588886282078915
 -0.26671E+00 	 0.016918332143269339	 0.00039149211487673579	 4.0338112890883568
 -0.29028E+00 	 0.016520116383646817	 0.00038288847838803617	 3.9793414704810735
 -0.31368E+00 	 0.016138483612185717	 0.00037523321395065471	 3.9413903153474319
 -0.33689E+00 	 0.015775641835296561	 0.00036643978258876455	 3.88447657015044
 -0.35990E+00 	 0.015431768386639361	 0.00037507487677144606	 4.2372755171628702
 -0.38268E+00 	 0.015113589368852806	 0.00036211477734354302	 4.1580301678117841
 -0.40524E+00 	 0.014833885667869549	 0.00034845436692869229	 4.0614827440059695
 -0.42756E+00 	 0.014591170868060239	 0.00033541720383127588	 3.9351488203825835
 -0.44961E+00 	 0.014380001999284381	 0.00032503442007870612	 3.8189890762418117
 -0.47140E+00 	 0.014196914949875832	 0.00031943792251420066	 3.7816949625160023
 -0.49290E+00 	 0.014042035567029014	 0.00031619794128037677	 3.8113137929962759
 -0.51410E+00 	 0.013922914168563626	 0.00031210062115982653	 3.8507275406733514
 -0.53500E+00 	 0.013837673366772251	 0.00030651787904467675	 3.8634748309664326
 -0.55557E+00 	 0.013787617827462824	 0.00029969691224127548	 3.8343724461628472
 -0.57581E+00 	 0.013778825935191587	 0.00029234302945281917	 3.7652446291054833
 -0.59570E+00 	 0.013812268753382791	 0.00028614826631030704	 3.6763924398655403
 -0.61523E+00 	 0.013884773391058541	 0.00028107809409325026	 3.5740216956399622
 -0.63439E+00 	 0.013994759845385974	 0.00027655787737523299	 3.488355038177875
 -0.65317E+00 	 0.014141701825257398	 0.00027238168274720798	 3.4366566697418151
 -0.67156E+00 	 0.014326433790677575	 0.00026935619899860807	 3.4101777520936141
 -0.68954E+00 	 0.014552969581081102	 0.00026842931904383794	 3.4051166897424321
 -0.70711E+00 	 0.014822008272353474	 0.00026841493718326358	 3.3938210563572158
 -0.72425E+00 	 0.015129998068116884	 0.00026807620134178836	 3.3528223083606727
 -0.74095E+00 	 0.015473223664779811	 0.00026746887975171634	 3.2936261948917944
 -0.75721E+00 	 0.015850026485432427	 0.00026715025755551014	 3.2374213204629831
 -0.77301E+00 	 0.016263370669842271	 0.00026757095700094275	 3.1906651156274917
 -0.78835E+00 	 0.016715534295403706	 0.0002688755548406983	 3.1479785032373395
 -0.80321E+00 	 0.017203726471420665	 0.00027198825911942782	 3.1239357570947957
 -0.81758E+00 	 0.017718530914727013	 0.00027835716936130478	 3.1456606111899639
 -0.83147E+00 	 0.018245556652195058	 0.00028920588879967953	 3.2366564920765803
 -0.84485E+00 	 0.018760267110285771	 0.00030535307946551995	 3.4104162275911172
 -0.85773E+00 	 0.019230567414080049	 0.00032619847824547017	 3.6530894824939382
 -0.87009E+00 	 0.01961410178936723	 0.00034979035856708	 3.9351932172179378
 -0.88192E+00 	 0.019855983120268431	 0.00040305819400360629	 4.9055839212782111
 -0.89322E+00 	 0.019890089040091152	 0.00041995139320839012	 5.051289411396211
 -0.90399E+00 	 0.019642463071948005	 0.00043413918144296948	 5.1968293469998299
 -0.91421E+00 	 0.019040878739312556	 0.00038613869379567663	 4.065123262226173
 -0.92388E+00 	 0.018029493073428302	 0.00038336288032279317	 4.1008508093044851
 -0.93299E+00 	 0.016586427696613792	 0.00036992966890926713	 4.1141898468058864
 -0.94154E+00 	 0.014740997807140395	 0.00034378035613155173	 4.091800185144951
 -0.94953E+00 	 0.012582739471855285	 0.00032454342775099917	 4.5523334117985828
 -0.95694E+00 	 0.010256776988295992	 0.00027739899563171552	 4.5752563832737723
 -0.96378E+00 	 0.007941422610059581	 0.00022377201116493477	 4.5730145605759844
 -0.97003E+00 	 0.0058114744877082484	 0.00016955564646940448	 4.5621768946138204
 -0.97570E+00 	 0.0039999576389452961	 0.00012016045031316602	 4.5614025933766991
 -0.98079E+00 	 0.0025743755281685153	 7.8934978892488281e-05	 4.5501394897691281
 -0.98528E+00 	 0.0015357196537315564	 4.7688786603113776e-05	 4.5349673351754864
 -0.98918E+00 	 0.00083644743436685123	 2.6149322900133179e-05	 4.5208162258866134
 -0.99248E+00 	 0.00040504410918658801	 1.2699314978940377e-05	 4.5101526977339121
 -0.99518E+00 	 0.00016619128125307939	 5.2154926006354675e-06	 4.5035999906196551
 -0.99729E+00 	 5.2622930700132317e-05	 1.6516900537899859e-06	 4.500144446815777
 -0.99880E+00 	 1.0399056898012135e-05	 3.2640361247511898e-07	 4.4990551393234552
 -0.99970E+00 	 6.5010750875064923e-07	 2.0404340485290399e-08	 4.4985052497936575
 -0.10000E+01 	 2.2839255582894712e-11	 1.7722704316409886e-12	 1.6619481147067148
