  0.10000E+01 	 1.4734068277553313e-19	 8.5842643535839892e-20	 1.3814413967604497
  0.99970E+00 	 1.4434864942619139e-12	 1.3429981185243664e-13	 2.1715786117707774
  0.99880E+00 	 3.693527510147244e-10	 3.4361026156820128e-11	 2.1710927419185109
  0.99729E+00 	 9.4567561094472198e-09	 8.7943724867063376e-10	 2.169771675210447
  0.99518E+00 	 9.422316108755516e-08	 8.7458948272939515e-09	 2.166741748693167
  0.99248E+00 	 5.5747237194637075e-07	 5.1436408845227956e-08	 2.1622695615416161
  0.98918E+00 	 2.3524080344257e-06	 2.1381221673716597e-07	 2.1569083234794055
  0.98528E+00 	 7.7562143204549158e-06	 6.8327732389863397e-07	 2.1505807372160666
  0.98079E+00 	 2.0976566333376185e-05	 1.7482135717873214e-06	 2.1412787630485597
  0.97570E+00 	 4.7865478821401159e-05	 3.6601894178636417e-06	 2.1235756181799297
  0.97003E+00 	 9.407231378442885e-05	 6.3880720326511897e-06	 2.0873939838241125
  0.96378E+00 	 0.00016246570887691885	 9.53185386150342e-06	 2.0225525360973564
  0.95694E+00 	 0.00025173219087407204	 1.2580815603871144e-05	 1.9248456220023895
  0.94953E+00 	 0.00035672281245524204	 1.5272400776251381e-05	 1.8089780573928349
  0.94154E+00 	 0.00046960340073717762	 1.7755160431709894e-05	 1.71539821273065
  0.93299E+00 	 0.00058117269774524149	 2.0510777519525172e-05	 1.6876970303983867
  0.92388E+00 	 0.00068279335724128517	 4.6456104200332265e-05	 6.2917498079525762
  0.91421E+00 	 0.00076815640557770899	 2.8653866807174156e-05	 1.9180018150879279
  0.90399E+00 	 0.00083398351089403622	 3.4256395624844332e-05	 2.1845281951817705
  0.89322E+00 	 0.00088039160717178215	 4.0482346546788407e-05	 2.5217474943760307
  0.88192E+00 	 0.00090964169625926594	 4.6781501197084369e-05	 2.8773437524000096
  0.87009E+00 	 0.00092484568746596793	 5.2479513647045379e-05	 3.1572231639687942
  0.85773E+00 	 0.00092955173926310042	 5.6597540222660694e-05	 3.2434142121578264
  0.84485E+00 	 0.00092585918793776096	 6.9204022575087182e-05	 4.266193768897673
  0.83147E+00 	 0.00091345363171534133	 7.3380249425343639e-05	 4.3227259839924042
  0.81758E+00 	 0.00089344963139030369	 7.5917327995505822e-05	 4.3483304674847654
  0.80321E+00 	 0.00086962975655221944	 6.7192515271259623e-05	 3.3293669928935175
  0.78835E+00 	 0.0008459215398987298	 7.1466256815856067e-05	 3.6657597771989612
  0.77301E+00 	 0.0008248536388140151	 7.5787026139606347e-05	 3.9607083348612586
  0.75721E+00 	 0.00080716827046482147	 8.0225706432233876e-05	 4.180624699010286
  0.74095E+00 	 0.00079269623232901851	 8.4525233947545833e-05	 4.3253154660235138
  0.72425E+00 	 0.00078064668656752654	 8.7820155121547453e-05	 4.3480713011854899
  0.70711E+00 	 0.00076894849783716622	 8.9774028764922747e-05	 4.2992135257772688
  0.68954E+00 	 0.00075759298528515822	 9.0831618100642404e-05	 4.2622308271552445
  0.67156E+00 	 0.00074873975192303545	 7.7508147423683088e-05	 3.0625673001201834
  0.65317E+00 	 0.00074444501660286984	 7.7459885887135545e-05	 2.9400682885238432
  0.63439E+00 	 0.00074434577611414766	 7.921364897166478e-05	 2.8750401864394957
  0.61523E+00 	 0.00074611312156792572	 8.0970236420438855e-05	 2.7908489403468275
  0.59570E+00 	 0.00075035476838088329	 8.2766448073403657e-05	 2.7556775490722405
  0.57581E+00 	 0.00075839369941890387	 8.4321458477873404e-05	 2.7735192319627768
  0.55557E+00 	 0.00076874373144065968	 8.5089835334586249e-05	 2.7983485427727404
  0.53500E+00 	 0.00077900812560238784	 8.5738276602136091e-05	 2.832042834012849
  0.51410E+00 	 0.00079017194397543265	 8.5839627961141205e-05	 2.863948888450027
  0.49290E+00 	 0.00080198226820366286	 8.51560376068181e-05	 2.9051140699904159
  0.47140E+00 	 0.00081733123086946398	 8.4639283988991368e-05	 2.9383669504608969
  0.44961E+00 	 0.00083513178832795849	 8.4788769270282134e-05	 2.9558351333584549
  0.42756E+00 	 0.00085200686009636597	 9.8441874920348235e-05	 3.9617073313731472
  0.40524E+00 	 0.00086838305805490824	 9.5626784020567132e-05	 3.8258669333425903
  0.38268E+00 	 0.0008848977449368012	 9.2154375921450123e-05	 3.7293535770286863
  0.35990E+00 	 0.00089978793320262193	 8.8505961786268771e-05	 3.6343177916440497
  0.33689E+00 	 0.00091414608463604786	 8.6593491379919124e-05	 3.6139177386951689
  0.31368E+00 	 0.00092886146346645348	 8.7141742876881834e-05	 3.7535039276753368
  0.29028E+00 	 0.00094347170654851965	 7.6089876026905459e-05	 2.9646795883788024
  0.26671E+00 	 0.00095914220977617263	 7.6654354218524726e-05	 3.0942078421967305
  0.24298E+00 	 0.00097571183281320282	 7.8753816743390296e-05	 3.327714427951693
  0.21910E+00 	 0.00098792134870593034	 7.9658013955641793e-05	 3.4746401991284483
  0.19509E+00 	 0.00099597619356868862	 7.8222322207797387e-05	 3.472169374668999
  0.17096E+00 	 0.0010049503869896503	 7.5679464394613318e-05	 3.3937259484983895
  0.14673E+00 	 0.0010137317008009148	 7.30154375883809e-05	 3.3158391082210756
  0.12241E+00 	 0.0010203901435629835	 7.073564463333607e-05	 3.272035159890387
  0.98017E-01 	 0.0010271550136450368	 6.8681219566536504e-05	 3.2601438396809099
  0.73565E-01 	 0.001034225915707649	 6.6484111082382248e-05	 3.2494915867498162
  0.49068E-01 	 0.0010407641959291369	 7.5911546439981113e-05	 4.3566023240648137
  0.24541E-01 	 0.0010416462994076304	 7.2688547817441278e-05	 4.1559335413812128
  0.61232E-16 	 0.0010403973065540018	 7.0981067097802592e-05	 4.0899209904379692
 -0.24541E-01 	 0.0010387047371216546	 6.8792917907393081e-05	 3.9269277181243902
 -0.49068E-01 	 0.0010340219979543413	 6.5757532510638897e-05	 3.6144561603372387
 -0.73565E-01 	 0.0010249476133231408	 6.3140501452480053e-05	 3.4412921547183504
 -0.98017E-01 	 0.0010126855356965294	 6.1576824734406441e-05	 3.4737830335792519
 -0.12241E+00 	 0.00099896927023417612	 6.1680193678258577e-05	 3.6482508137410119
 -0.14673E+00 	 0.0009846081457811095	 6.2154686567028247e-05	 3.7925014410665447
 -0.17096E+00 	 0.00097124394681564043	 6.1631282687736426e-05	 3.7511065466022093
 -0.19509E+00 	 0.0009586538507119055	 6.0530086622071357e-05	 3.5745104732369035
 -0.21910E+00 	 0.00094616868097443195	 6.0675671073655342e-05	 3.492009022984556
 -0.24298E+00 	 0.00092848905500147289	 6.2407758310503787e-05	 3.5936189148371356
 -0.26671E+00 	 0.00090286829316971922	 6.390643537187418e-05	 3.6722354943009794
 -0.29028E+00 	 0.00087336501268857412	 6.458293293208987e-05	 3.6775153172134494
 -0.31368E+00 	 0.00084337207816110205	 6.4743231880496371e-05	 3.6955960499215732
 -0.33689E+00 	 0.00081475707448289342	 6.4153214306858874e-05	 3.6527335148104703
 -0.35990E+00 	 0.00078715994755467096	 6.308557191894254e-05	 3.5604137233441597
 -0.38268E+00 	 0.00076098753115196385	 6.1978284997976006e-05	 3.5389192222150627
 -0.40524E+00 	 0.00073772018635322103	 6.0674832671288564e-05	 3.5623314923484899
 -0.42756E+00 	 0.00071729247464503184	 5.959386896561108e-05	 3.5448766881210583
 -0.44961E+00 	 0.00069463361665216038	 5.852018370717234e-05	 3.5668782987947272
 -0.47140E+00 	 0.00067219598835189837	 5.6987845936270064e-05	 3.5628713702195358
 -0.49290E+00 	 0.00065157520968142971	 5.4966624080790066e-05	 3.5313413615675953
 -0.51410E+00 	 0.00063189011266190224	 5.2895981424862271e-05	 3.5292481125862318
 -0.53500E+00 	 0.00061479447482733641	 4.4138574541032639e-05	 2.6527234753193607
 -0.55557E+00 	 0.00060032572023013364	 4.2681317397448927e-05	 2.6179293738823111
 -0.57581E+00 	 0.00059040397415394109	 4.1900536032661091e-05	 2.5843552819885405
 -0.59570E+00 	 0.00058570857343116106	 4.2528022599607329e-05	 2.6320932589940802
 -0.61523E+00 	 0.00058474170558167203	 4.4202814055821912e-05	 2.7119176997962882
 -0.63439E+00 	 0.00058811104080854903	 4.5965873047982674e-05	 2.7797774373544217
 -0.65317E+00 	 0.00059651441272168986	 4.7017282855868299e-05	 2.8261167613877518
 -0.67156E+00 	 0.00060955064768581041	 4.7528892529589193e-05	 2.8532487327467528
 -0.68954E+00 	 0.00062608454635958231	 4.7565760067207662e-05	 2.8202796869525337
 -0.70711E+00 	 0.0006455654884797179	 4.7347746381559726e-05	 2.772924562261823
 -0.72425E+00 	 0.00066769552054761082	 4.8147009746151841e-05	 2.8338993683581335
 -0.74095E+00 	 0.0006936620609635923	 4.9625941154249864e-05	 2.8916612706878517
 -0.75721E+00 	 0.00072290195620710186	 5.135530449327782e-05	 2.9134990082634693
 -0.77301E+00 	 0.00075607728438302003	 5.3362590730336733e-05	 2.9233632333748889
 -0.78835E+00 	 0.00079315642295920384	 6.3786488829073535e-05	 3.8446489909855046
 -0.80321E+00 	 0.000833357862229719	 6.482975338223481e-05	 3.6857829698323137
 -0.81758E+00 	 0.00087565569315405404	 6.6665947163419852e-05	 3.6260594461235272
 -0.83147E+00 	 0.00091704369401293629	 6.9612441429375092e-05	 3.6917208976786511
 -0.84485E+00 	 0.00095436003909637904	 7.3478003075439714e-05	 3.8463415184287295
 -0.85773E+00 	 0.00098416840085183317	 7.7517513658148876e-05	 4.0307280832071291
 -0.87009E+00 	 0.0010013576670796539	 8.1162179443369756e-05	 4.2582894956747941
 -0.88192E+00 	 0.0010009822036523756	 8.4321169243608529e-05	 4.6167994060542634
 -0.89322E+00 	 0.00097928178804010716	 8.6859222446130461e-05	 5.1609700664462448
 -0.90399E+00 	 0.00093383161159688792	 8.7738681514100192e-05	 5.7700121910781768
 -0.91421E+00 	 0.00086397418747109138	 8.4760798410188083e-05	 6.0826411422855315
 -0.92388E+00 	 0.00077070707645233365	 7.6754445421360525e-05	 5.8455892726955989
 -0.93299E+00 	 0.00065766109342704467	 6.5359199815828633e-05	 5.2670117822295941
 -0.94154E+00 	 0.00053157061165716121	 5.2857974163989526e-05	 4.6953160449882221
 -0.94953E+00 	 0.00040199111059335601	 4.0387247405778452e-05	 4.2694040486343816
 -0.95694E+00 	 0.0002804609803407694	 2.8622237599758283e-05	 3.956321549733818
 -0.96378E+00 	 0.00017783904653758444	 1.8423258061864666e-05	 3.6748501839657757
 -0.97003E+00 	 0.00010091713427700081	 1.0595978055221169e-05	 3.3852262710456964
 -0.97570E+00 	 5.0425791319875626e-05	 5.3760553777158931e-06	 3.119794582848924
 -0.98079E+00 	 2.1793843886478318e-05	 2.3648270800958792e-06	 2.9314135834300501
 -0.98528E+00 	 7.979948451577907e-06	 8.7888719737080297e-07	 2.8267052992757749
 -0.98918E+00 	 2.4054175447097327e-06	 2.6731210458891139e-07	 2.7795359102781254
 -0.99248E+00 	 5.6827455207845403e-07	 6.3417412256139299e-08	 2.7636604038593542
 -0.99518E+00 	 9.5940107864304573e-08	 1.0724378717673993e-08	 2.7615652898894933
 -0.99729E+00 	 9.6268713894217491e-09	 1.0766561845055093e-09	 2.7631317304345386
 -0.99880E+00 	 3.7599113421133767e-10	 4.2058027706043676e-11	 2.764747745962763
 -0.99970E+00 	 1.4694860631410682e-12	 1.6436882767585238e-13	 2.7649469858820397
 -0.10000E+01 	 3.0067226691051423e-19	 1.0171407276326115e-19	 1
