  0.10000E+01 	 1.3387043280636004e-07	 1.2456537068523799e-08	 2.1728265860864937
  0.99970E+00 	 1.3384823774029632e-07	 1.2452832309585592e-08	 2.1714832919089408
  0.99880E+00 	 1.3388660873861992e-07	 1.2454654540163356e-08	 2.1705448785183012
  0.99729E+00 	 1.3393729499198236e-07	 1.2442316248285986e-08	 2.1669577701539491
  0.99518E+00 	 1.3354547843315479e-07	 1.233015238407671e-08	 2.1606304955818092
  0.99248E+00 	 1.3169128028778283e-07	 1.1934646727129708e-08	 2.1535258828139177
  0.98918E+00 	 1.2689009368319484e-07	 1.1015572442707236e-08	 2.1490064555262021
  0.98528E+00 	 1.1819922451296111e-07	 9.4885311672507624e-09	 2.1500658475619137
  0.98079E+00 	 1.0614434970965111e-07	 7.617284403327914e-09	 2.1501182753544246
  0.97570E+00 	 9.3411016857408605e-08	 6.0101976175767367e-09	 2.168906246592309
  0.97003E+00 	 8.2875753669858031e-08	 5.0438174787397817e-09	 2.2031179331197501
  0.96378E+00 	 7.6032766209460357e-08	 4.7598741318999156e-09	 2.2869261789226356
  0.95694E+00 	 7.3671673716054249e-08	 5.0843325893388715e-09	 2.3342451103513286
  0.94953E+00 	 7.5064265077640004e-08	 5.7104996998794773e-09	 2.4000972325138061
  0.94154E+00 	 7.9270461192478443e-08	 5.8807384157827029e-09	 2.126718209785071
  0.93299E+00 	 8.5140449915866081e-08	 6.4544700176282002e-09	 2.2240361787111618
  0.92388E+00 	 9.1344342700522741e-08	 7.6046731884698279e-09	 2.8010000249165539
  0.91421E+00 	 9.7519953771129045e-08	 7.8472624580513451e-09	 2.7081599181900033
  0.90399E+00 	 1.0236103771485606e-07	 7.8290028179910404e-09	 2.6305843976339691
  0.89322E+00 	 1.0607026646095943e-07	 7.6597736739452279e-09	 2.5196357967810443
  0.88192E+00 	 1.0839725572922635e-07	 7.6610681456572845e-09	 2.5496747648568632
  0.87009E+00 	 1.0939937853983862e-07	 7.5517995113199015e-09	 2.528771124455246
  0.85773E+00 	 1.0761073423391836e-07	 7.2135270479881031e-09	 2.6723117551363926
  0.84485E+00 	 1.0387650190929944e-07	 6.9054948821401765e-09	 2.9109023063264279
  0.83147E+00 	 9.9226073821634206e-08	 6.5631215916723919e-09	 2.9757565064319689
  0.81758E+00 	 9.4363073784843996e-08	 6.1772823263176076e-09	 2.8989103462081545
  0.80321E+00 	 8.9340343912269709e-08	 6.1287338929450007e-09	 2.9911145602807259
  0.78835E+00 	 8.3314504985753627e-08	 5.782101880200898e-09	 3.0742351974647404
  0.77301E+00 	 7.8360936037562618e-08	 5.5741291810716713e-09	 2.9226966755440333
  0.75721E+00 	 7.3843453657412456e-08	 5.1634000770317047e-09	 2.6102758942498769
  0.74095E+00 	 6.8071755515371559e-08	 4.4872934935405458e-09	 2.3489337481626453
  0.72425E+00 	 6.2916256988872725e-08	 4.4567027173084062e-09	 2.3749301810679158
  0.70711E+00 	 5.8157016618700996e-08	 4.3067766363366001e-09	 2.3885047841825124
  0.68954E+00 	 5.4440480281778808e-08	 4.24070134456695e-09	 2.343438107751457
  0.67156E+00 	 5.1157544751327886e-08	 4.5899695098934882e-09	 2.7809276940172509
  0.65317E+00 	 4.7789189701255324e-08	 4.0738685684202428e-09	 2.9109049425735245
  0.63439E+00 	 4.5074381026882215e-08	 3.7183298089787869e-09	 2.5858587634888339
  0.61523E+00 	 4.3409608472384005e-08	 3.6664131048462855e-09	 2.450383288694459
  0.59570E+00 	 4.1382067224085323e-08	 3.5917088830123417e-09	 2.4782682163013741
  0.57581E+00 	 3.9169061784839931e-08	 3.5651517564128049e-09	 2.4551915036537539
  0.55557E+00 	 3.7860485045775436e-08	 3.5271340932344985e-09	 2.517445804929479
  0.53500E+00 	 3.6251961910001691e-08	 3.1849201080829317e-09	 2.0162090208580974
  0.51410E+00 	 3.4210913231812599e-08	 3.1867417472914354e-09	 1.9313639273013354
  0.49290E+00 	 3.2548136932436763e-08	 3.0530527116375664e-09	 1.6096674918012195
  0.47140E+00 	 3.186793409221427e-08	 2.9817995544956841e-09	 1.5540078681159144
  0.44961E+00 	 2.9183823778633993e-08	 2.1117666985342354e-09	 2.0467234801806771
  0.42756E+00 	 2.9264307251215022e-08	 1.9012381072921411e-09	 1.6892214649795401
  0.40524E+00 	 2.8735010445549702e-08	 1.990303156194401e-09	 1.9350317990454238
  0.38268E+00 	 2.8090128783329273e-08	 2.1014653861163375e-09	 2.0676502919352666
  0.35990E+00 	 2.7746800495707963e-08	 2.141166348234455e-09	 2.1550573702770524
  0.33689E+00 	 2.7751988308968726e-08	 3.1960994948656076e-09	 3.9264135725446776
  0.31368E+00 	 2.7395305952116036e-08	 2.0953704916930694e-09	 2.1848593486789074
  0.29028E+00 	 2.8278053282312217e-08	 2.1830886029445373e-09	 1.8915981583645625
  0.26671E+00 	 2.8183924384841867e-08	 2.456010811989159e-09	 2.1517255293753057
  0.24298E+00 	 2.8732483526915348e-08	 2.8213309715756912e-09	 2.177840721874706
  0.21910E+00 	 2.875527817112352e-08	 2.7599741671053477e-09	 1.9894019117521771
  0.19509E+00 	 2.9400596432929137e-08	 2.8025669592247621e-09	 1.9650395334612936
  0.17096E+00 	 2.867766334234236e-08	 2.721639516566863e-09	 2.1456526716356699
  0.14673E+00 	 2.8342975670555088e-08	 2.8026991065138657e-09	 2.7703483584981514
  0.12241E+00 	 2.9068433693221662e-08	 2.939592595202028e-09	 3.0054734156954277
  0.98017E-01 	 2.9934491806406815e-08	 2.7647049231117469e-09	 1.9444564154608268
  0.73565E-01 	 3.0670042883141799e-08	 3.1745523108605107e-09	 1.4279132523577192
  0.49068E-01 	 2.8002656177878943e-08	 2.502551185206236e-09	 1.943250284749408
  0.24541E-01 	 2.7500965086658e-08	 2.6255324564619441e-09	 2.4194499721494229
  0.61232E-16 	 2.7550534448020733e-08	 2.8834912392653797e-09	 2.7827412129421405
 -0.24541E-01 	 2.7652992162985815e-08	 2.9739356954662144e-09	 2.3709925008339234
 -0.49068E-01 	 2.9047649857452978e-08	 4.055070094543569e-09	 3.0823219721639519
 -0.73565E-01 	 2.8938464969554671e-08	 4.1651463669260252e-09	 3.5499865278443572
 -0.98017E-01 	 2.8488926987552197e-08	 3.5125089838448706e-09	 3.0446888442135553
 -0.12241E+00 	 2.8612769233564808e-08	 3.5625307215591329e-09	 3.1373213011427894
 -0.14673E+00 	 2.8104025672301938e-08	 3.2395830609389708e-09	 3.3081666470952436
 -0.17096E+00 	 2.8328369727257002e-08	 2.9254029288402786e-09	 2.9631325778539623
 -0.19509E+00 	 2.763626126431155e-08	 2.8669834376408201e-09	 3.0854932583957302
 -0.21910E+00 	 2.6759705400114437e-08	 2.7857401613404208e-09	 3.4654168483893568
 -0.24298E+00 	 2.6941306839081939e-08	 2.9147388805150996e-09	 3.3711030194445701
 -0.26671E+00 	 2.7866958673796575e-08	 4.0055797322253201e-09	 4.923607646728172
 -0.29028E+00 	 2.907370441219809e-08	 4.1889875312297156e-09	 3.6682834644579629
 -0.31368E+00 	 2.8922959219488422e-08	 3.9044924270496692e-09	 4.3579174841981176
 -0.33689E+00 	 2.8345097281002245e-08	 3.0585209105739703e-09	 3.3802130002375734
 -0.35990E+00 	 2.7836421081330992e-08	 3.1194746056623267e-09	 3.2791154481628331
 -0.38268E+00 	 2.7769731456492608e-08	 2.7407097747013742e-09	 2.7301458287835745
 -0.40524E+00 	 2.885142226363203e-08	 2.9622252607847293e-09	 2.4255042862106282
 -0.42756E+00 	 2.8867138120754166e-08	 2.9754756419822256e-09	 2.4933791695216545
 -0.44961E+00 	 2.9459111204331149e-08	 3.00565182011227e-09	 2.5732456764676104
 -0.47140E+00 	 3.1046892025994255e-08	 3.0041637202910163e-09	 2.2557675986429184
 -0.49290E+00 	 3.2382778516183971e-08	 2.7991162315702056e-09	 2.169278165671312
 -0.51410E+00 	 3.3706485399160885e-08	 2.6700201955940278e-09	 1.9509513733159785
 -0.53500E+00 	 3.4894265623344923e-08	 2.9615634382347385e-09	 2.175982600057131
 -0.55557E+00 	 3.6801511692168227e-08	 3.4282605120422141e-09	 2.4441104070191719
 -0.57581E+00 	 3.8557993371775315e-08	 3.7912526860781575e-09	 2.6400596569273533
 -0.59570E+00 	 4.0923336225966556e-08	 4.7581488125668908e-09	 3.1844424715648425
 -0.61523E+00 	 4.2614534714199022e-08	 4.7509363164694656e-09	 3.0475759693421658
 -0.63439E+00 	 4.4122217489434003e-08	 3.9682509088894215e-09	 2.2932163378473382
 -0.65317E+00 	 4.6383489991952323e-08	 4.089096717647764e-09	 2.4007131400970509
 -0.67156E+00 	 4.9659001989827672e-08	 4.6460779612943339e-09	 2.6892159765766936
 -0.68954E+00 	 5.2124499850850929e-08	 4.6238835005200317e-09	 2.6690967968085437
 -0.70711E+00 	 5.5128342789674198e-08	 4.7578791058840647e-09	 2.5974982777449922
 -0.72425E+00 	 5.7473010854778916e-08	 4.8247094790895154e-09	 2.6118311490044062
 -0.74095E+00 	 6.0033311733055686e-08	 4.9282210778754991e-09	 2.7388273308064077
 -0.75721E+00 	 6.497272622829737e-08	 5.6007513294682813e-09	 2.3319519794248307
 -0.77301E+00 	 6.9507691670020446e-08	 6.0663448003463681e-09	 2.1957096109564009
 -0.78835E+00 	 7.2025536933944507e-08	 5.7098566773902465e-09	 2.687203687573553
 -0.80321E+00 	 7.5245021818361087e-08	 5.9452555657842886e-09	 2.9223224544306068
 -0.81758E+00 	 7.9188633506967841e-08	 6.361315395562221e-09	 3.0891633253220698
 -0.83147E+00 	 8.3025722226503389e-08	 6.9893082411020508e-09	 3.3073719305677969
 -0.84485E+00 	 8.6469914813267499e-08	 7.7873269256935141e-09	 3.1936345180099308
 -0.85773E+00 	 8.8072826036010403e-08	 7.9481200411734953e-09	 3.1807679641824507
 -0.87009E+00 	 8.8419689252951742e-08	 9.2979956740949368e-09	 4.2161477456211811
 -0.88192E+00 	 8.7651771125661824e-08	 9.4909148487027547e-09	 4.3655938351237724
 -0.89322E+00 	 8.5553696750155177e-08	 9.5095081938463859e-09	 4.5435212305682047
 -0.90399E+00 	 8.2044712531451029e-08	 8.058928309108701e-09	 3.7147972099533186
 -0.91421E+00 	 7.8782191566023257e-08	 8.0537302426182052e-09	 3.9052408328039308
 -0.92388E+00 	 7.5005756137083301e-08	 8.0698051478204208e-09	 4.2462633627252009
 -0.93299E+00 	 7.1608593117871446e-08	 8.1314965914742855e-09	 4.5853379504990528
 -0.94154E+00 	 6.9270894406830836e-08	 8.2551896621567494e-09	 4.8539628280431755
 -0.94953E+00 	 6.7924843666613322e-08	 6.7690194969673686e-09	 3.5062032048691831
 -0.95694E+00 	 6.9867184024075633e-08	 6.8747148300320648e-09	 3.521189717864333
 -0.96378E+00 	 7.5970779877163754e-08	 7.7743985508413861e-09	 3.8812424302974513
 -0.97003E+00 	 8.6340382264662208e-08	 9.8962239126685755e-09	 4.6649943347271536
 -0.97570E+00 	 9.9240079200644002e-08	 1.1208301643981288e-08	 4.1149531380037612
 -0.98079E+00 	 1.1214796816976597e-07	 1.2434973853748826e-08	 3.5239912973092533
 -0.98528E+00 	 1.2316491029427909e-07	 1.3538566924724376e-08	 3.0734062968460396
 -0.98918E+00 	 1.3074985525742131e-07	 1.4464243902063974e-08	 2.8582746537322299
 -0.99248E+00 	 1.3465462064857168e-07	 1.499331247711446e-08	 2.7799159267381683
 -0.99518E+00 	 1.3607031741523399e-07	 1.5195235571546592e-08	 2.7597909422545643
 -0.99729E+00 	 1.363402652769244e-07	 1.5245224940447166e-08	 2.7606706114142048
 -0.99880E+00 	 1.3629372136042219e-07	 1.5243407034424825e-08	 2.7635076403939407
 -0.99970E+00 	 1.3625599792104067e-07	 1.5241525440992364e-08	 2.7650425971100168
 -0.10000E+01 	 1.3635522875013612e-07	 1.5232176801466254e-08	 2.7619063619934332
