  0.10000E+01 	 -0.00027041522806888434	 1.1670178517398702e-05	 3.1526124909842022
  0.99970E+00 	 -0.00027038740503444178	 1.1666496210208875e-05	 3.1471533132010627
  0.99880E+00 	 -0.00027045843257023002	 1.1669547303060183e-05	 3.1478929391854771
  0.99729E+00 	 -0.00027073397997859708	 1.1677070337845923e-05	 3.1476509999970186
  0.99518E+00 	 -0.00027122027409679774	 1.1670815383130208e-05	 3.1465791252496365
  0.99248E+00 	 -0.00027174469099993666	 1.1599644702041232e-05	 3.1376841893606122
  0.98918E+00 	 -0.0002717318489264543	 1.136370526253641e-05	 3.1146786881292208
  0.98528E+00 	 -0.0002702972626981296	 1.0838531081196652e-05	 3.0666452372025828
  0.98079E+00 	 -0.00026644443876399119	 9.9643199133463765e-06	 2.9983611090094309
  0.97570E+00 	 -0.00025991309216033429	 8.8684378071962805e-06	 2.9316264012544999
  0.97003E+00 	 -0.00025184965544327003	 7.8632191131167048e-06	 2.9004704258234759
  0.96378E+00 	 -0.00024469524785440764	 7.2805575556095212e-06	 2.9266630384674355
  0.95694E+00 	 -0.00024078082225682858	 7.3775631409757684e-06	 3.0867212888379458
  0.94953E+00 	 -0.00024102573878512795	 7.0660444318205307e-06	 2.585670959766166
  0.94154E+00 	 -0.00024454275178486287	 7.7883983494441499e-06	 2.7548759265926734
  0.93299E+00 	 -0.00024938862164284616	 8.4179814637414358e-06	 2.9237612304529379
  0.92388E+00 	 -0.00025369002140061841	 8.7842415326750988e-06	 3.03594019923296
  0.91421E+00 	 -0.00025631344305635141	 8.9864135177796158e-06	 3.1613165796246525
  0.90399E+00 	 -0.00025660216164819785	 1.1442634062361441e-05	 5.2648616981799448
  0.89322E+00 	 -0.00025414826874752824	 1.0920931117178494e-05	 5.229825671306096
  0.88192E+00 	 -0.00024934889603001536	 1.0259865354818179e-05	 5.0940648437586002
  0.87009E+00 	 -0.00024290543460495572	 8.9730164174165581e-06	 4.3063870166184168
  0.85773E+00 	 -0.00023498567432318662	 8.7473981791129685e-06	 4.532255617211157
  0.84485E+00 	 -0.00022606611391036931	 8.5948279489051136e-06	 4.7328393123300359
  0.83147E+00 	 -0.00021678973976123757	 8.3463532831851083e-06	 4.603441964490381
  0.81758E+00 	 -0.00020761009792921316	 8.1755762676874237e-06	 4.4690738266229069
  0.80321E+00 	 -0.00019842216333900044	 7.9960818606519336e-06	 4.4395753027238962
  0.78835E+00 	 -0.00018940697560811202	 7.6671883751766241e-06	 4.3087659533025979
  0.77301E+00 	 -0.00018110571388858747	 7.2111542977254619e-06	 4.0460780263881659
  0.75721E+00 	 -0.0001731238016506013	 6.6838711538711509e-06	 3.7673106759447639
  0.74095E+00 	 -0.00016512952508210328	 6.2221759294028215e-06	 3.5460112111604576
  0.72425E+00 	 -0.00015744203994600114	 5.948817764332331e-06	 3.5305466377486887
  0.70711E+00 	 -0.0001506711999641531	 5.7685777054419098e-06	 3.4644100760610477
  0.68954E+00 	 -0.00014480684474724639	 5.6805313358403786e-06	 3.382686075115021
  0.67156E+00 	 -0.00013955204995002077	 5.6281599294592329e-06	 3.3738279827974291
  0.65317E+00 	 -0.00013473576377107503	 5.4320888275723354e-06	 3.3701160371700967
  0.63439E+00 	 -0.00013038200471513105	 4.6348446245465211e-06	 2.6499411200318277
  0.61523E+00 	 -0.00012709497890139927	 5.2761099512497625e-06	 3.4858734812503167
  0.59570E+00 	 -0.00012409222822827806	 5.2293740397142891e-06	 3.4465666430835427
  0.57581E+00 	 -0.00012132021270589548	 5.3156255258009702e-06	 3.5205927749669015
  0.55557E+00 	 -0.0001187915368819474	 4.5829595872842186e-06	 2.6765405186733395
  0.53500E+00 	 -0.00011635792671195602	 4.4138816447029096e-06	 2.5768733416642866
  0.51410E+00 	 -0.00011353502490884037	 4.289636828210628e-06	 2.5756907075173676
  0.49290E+00 	 -0.00011106943368611126	 4.2029637147335455e-06	 2.5676235602524446
  0.47140E+00 	 -0.0001093129801561567	 4.0987933851593138e-06	 2.5761544965524892
  0.44961E+00 	 -0.00010751686523095054	 4.3799347169326539e-06	 3.2336380874093216
  0.42756E+00 	 -0.0001066778955273966	 4.0542164277028354e-06	 2.9397591554161138
  0.40524E+00 	 -0.0001060411871141123	 4.216329464260211e-06	 3.0647626198293585
  0.38268E+00 	 -0.00010546190911982871	 4.3019421183655057e-06	 3.2107568587345794
  0.35990E+00 	 -0.0001051108049373858	 4.3343935178011166e-06	 3.3716272959646938
  0.33689E+00 	 -0.00010475187328238228	 4.3921678798552899e-06	 3.5338669817508555
  0.31368E+00 	 -0.00010475655266937156	 4.3559938832751504e-06	 3.5183803147478403
  0.29028E+00 	 -0.00010516054438596463	 4.4274572410907094e-06	 3.631709642758711
  0.26671E+00 	 -0.00010552789445340743	 4.6531817636174072e-06	 3.8138557939341813
  0.24298E+00 	 -0.00010575814264983742	 4.8071736414284334e-06	 3.7835893677098729
  0.21910E+00 	 -0.00010611492925273216	 4.7384907912459714e-06	 3.3983959937378034
  0.19509E+00 	 -0.0001070768993630464	 4.7521155111376156e-06	 3.3475120134343812
  0.17096E+00 	 -0.00010724051900388906	 4.8161407037412304e-06	 3.5296799576297251
  0.14673E+00 	 -0.00010730099166525055	 5.0913491407374191e-06	 4.2400803765761879
  0.12241E+00 	 -0.00010838810065444147	 5.3783815297023795e-06	 4.7437043634036273
  0.98017E-01 	 -0.0001094707860145023	 5.3350273993892639e-06	 4.5513377181611041
  0.73565E-01 	 -0.00010955195035318736	 5.2412417825408958e-06	 4.2349786351996963
  0.49068E-01 	 -0.00010845493804362368	 4.411775669438085e-06	 3.1970531722537077
  0.24541E-01 	 -0.00010806987599148021	 4.3876957315142602e-06	 3.0589018467979598
  0.61232E-16 	 -0.00010794092216268061	 4.5229973435189863e-06	 3.0886181977673282
 -0.24541E-01 	 -0.0001075870110233407	 4.7281357840576777e-06	 3.1556124842856432
 -0.49068E-01 	 -0.00010777139312947363	 4.908501918996243e-06	 3.1900223257240383
 -0.73565E-01 	 -0.00010778591503831591	 4.9256730724960308e-06	 3.1655257894061255
 -0.98017E-01 	 -0.00010748084851473942	 4.8995864432233945e-06	 3.1570195637631264
 -0.12241E+00 	 -0.00010733989037246416	 5.0099445200406032e-06	 3.2762050357944199
 -0.14673E+00 	 -0.00010726101551879458	 4.9204714115221174e-06	 3.3272161339794026
 -0.17096E+00 	 -0.00010749076093382713	 4.8811425819902162e-06	 3.3548876006136239
 -0.19509E+00 	 -0.00010664810087226562	 5.6160230490744332e-06	 4.6724602498996637
 -0.21910E+00 	 -0.00010530134228393832	 4.798828848999649e-06	 3.7028871644174961
 -0.24298E+00 	 -0.00010416229633282366	 4.8625811946887513e-06	 3.8944703522472732
 -0.26671E+00 	 -0.00010388604398736819	 5.9823961279669818e-06	 5.7387746624200373
 -0.29028E+00 	 -0.00010401759044632808	 5.9654919209570068e-06	 5.7071363555122545
 -0.31368E+00 	 -0.00010415545095293802	 6.056386864263683e-06	 5.5714859681438433
 -0.33689E+00 	 -0.0001037883563994922	 6.2263000794524511e-06	 5.5118237640732382
 -0.35990E+00 	 -0.00010334655932191292	 6.1205693129833781e-06	 5.2277788628221877
 -0.38268E+00 	 -0.00010364115131373902	 6.0198617673153703e-06	 4.9398823189007022
 -0.40524E+00 	 -0.0001041266760532355	 6.2119735180988765e-06	 4.9087154349332396
 -0.42756E+00 	 -0.00010409075135848148	 6.1811087465569608e-06	 4.7722718182790427
 -0.44961E+00 	 -0.00010512423664449417	 6.2269735349337121e-06	 4.5930801100993142
 -0.47140E+00 	 -0.00010703153185251449	 6.2950713315446248e-06	 4.4390111449278571
 -0.49290E+00 	 -0.00010894696509303646	 6.4014127146626868e-06	 4.6053205051467145
 -0.51410E+00 	 -0.00011070427925140854	 6.3610881215988103e-06	 4.4519814472778085
 -0.53500E+00 	 -0.00011261701603024077	 6.6949794194328654e-06	 4.7279862050470634
 -0.55557E+00 	 -0.0001153168874190227	 7.1531876068352021e-06	 4.9672276502751673
 -0.57581E+00 	 -0.00011832970007112511	 7.5642253985454159e-06	 5.1594188980005278
 -0.59570E+00 	 -0.00012121218405028125	 7.6151864368294095e-06	 4.9274187762059576
 -0.61523E+00 	 -0.00012421656636651097	 7.5308094169031949e-06	 4.7577164699412817
 -0.63439E+00 	 -0.00012754932261032964	 7.5198174330233633e-06	 4.8161992958701205
 -0.65317E+00 	 -0.00013137284048608819	 7.5525876094046816e-06	 4.6976024998639723
 -0.67156E+00 	 -0.00013595657390844324	 7.805157562813661e-06	 4.6006419322036685
 -0.68954E+00 	 -0.00014046016875711285	 7.6425550714484155e-06	 4.336909040700978
 -0.70711E+00 	 -0.00014525319314411813	 7.759756724958106e-06	 4.4580096264976605
 -0.72425E+00 	 -0.00014992237799768885	 7.8866173331697523e-06	 4.6014328793243759
 -0.74095E+00 	 -0.00015471410123852681	 7.8996302809832006e-06	 4.580350981545628
 -0.75721E+00 	 -0.00016044130196609169	 8.119105178735775e-06	 4.5021197258919594
 -0.77301E+00 	 -0.00016677326775163073	 8.5364868974641695e-06	 4.6858181689553406
 -0.78835E+00 	 -0.00017333509338366313	 8.8485790617615119e-06	 4.9242759269377947
 -0.80321E+00 	 -0.00018007547015991878	 9.3619712392396568e-06	 5.2732782146038399
 -0.81758E+00 	 -0.00018697805474209478	 9.989997124463207e-06	 5.6192037367142182
 -0.83147E+00 	 -0.00019429251523003465	 1.0792067782764215e-05	 5.8655958452715522
 -0.84485E+00 	 -0.00020158122597659824	 1.1663958667954169e-05	 5.9305259610073415
 -0.85773E+00 	 -0.0002081818672962928	 1.2439096546056628e-05	 6.0239943776990827
 -0.87009E+00 	 -0.00021409319539623413	 1.3288840079796316e-05	 6.2768039445696386
 -0.88192E+00 	 -0.00021924785275119119	 1.4263928983513829e-05	 6.588925671653648
 -0.89322E+00 	 -0.00022318031638483916	 1.5331557401971248e-05	 6.9990923057025478
 -0.90399E+00 	 -0.00022550263939999238	 1.6296495639431432e-05	 7.3605492883786745
 -0.91421E+00 	 -0.0002260071605662486	 1.7024646777924609e-05	 7.6502587792194339
 -0.92388E+00 	 -0.00022505325891019389	 1.7611957309142163e-05	 7.9986706148677937
 -0.93299E+00 	 -0.00022368625716072613	 1.812753668075642e-05	 8.3986498227757203
 -0.94154E+00 	 -0.0002231547833779261	 1.4275106932571843e-05	 5.3898208074145657
 -0.94953E+00 	 -0.0002248917957408019	 1.4430862369302349e-05	 5.5389942290378658
 -0.95694E+00 	 -0.00023010446388352677	 1.4962529843509387e-05	 5.682974562465783
 -0.96378E+00 	 -0.00023875144394006198	 1.5330811240499565e-05	 5.2308400962994313
 -0.97003E+00 	 -0.00024921266733665231	 1.6356684055063503e-05	 4.9264761684428926
 -0.97570E+00 	 -0.00025917142502780336	 1.8057260515347047e-05	 4.984679964929386
 -0.98079E+00 	 -0.00026669822465742613	 1.8870381965346516e-05	 4.7351676666351787
 -0.98528E+00 	 -0.00027107227998548106	 1.9312304205076342e-05	 4.5433790690434472
 -0.98918E+00 	 -0.00027282768507544365	 2.3378075760611816e-05	 6.2682377463973316
 -0.99248E+00 	 -0.00027306389135099961	 2.3413488168993426e-05	 6.1787123377703619
 -0.99518E+00 	 -0.00027271813887098857	 2.3379165252322335e-05	 6.1341761375987316
 -0.99729E+00 	 -0.00027233411200696181	 2.3343165010912981e-05	 6.1179358079895891
 -0.99880E+00 	 -0.00027211673097604731	 2.3319474898060314e-05	 6.110925522841228
 -0.99970E+00 	 -0.0002720524110741187	 2.3314769561732018e-05	 6.1110120611851961
 -0.10000E+01 	 -0.00027214567670448477	 2.3301795779144711e-05	 6.0988791712947146
