  0.10000E+01 	 -0.99999999395440264	 1.1457614419769217e-08	 1
  0.99970E+00 	 -0.99794546730420663	 2.9144190797158215e-05	 4.5308966805205371
  0.99880E+00 	 -0.99178310970753503	 0.00011655324483367266	 4.5307105302996602
  0.99729E+00 	 -0.98151686898338564	 0.00026216620059663656	 4.5303823366696205
  0.99518E+00 	 -0.96715464412869967	 0.00046573768089236146	 4.5294085635354948
  0.99248E+00 	 -0.94871322596730878	 0.00072659442251259696	 4.5279055776376556
  0.98918E+00 	 -0.92623071076790275	 0.0010428088308982407	 4.5263672788693228
  0.98528E+00 	 -0.89979209017618411	 0.0014098617691704661	 4.5264565080570636
  0.98079E+00 	 -0.86957153485090966	 0.0018184978984038696	 4.5311638165610999
  0.97570E+00 	 -0.83588860479838722	 0.0022527619694604349	 4.5448111841620227
  0.97003E+00 	 -0.79926254890874571	 0.0026893713053550991	 4.5723587102159726
  0.96378E+00 	 -0.76043840293670861	 0.003100524567876935	 4.6188654288866822
  0.95694E+00 	 -0.72035953489633864	 0.003463975840232308	 4.6992789733589957
  0.94953E+00 	 -0.68008053301369298	 0.0037710981956346058	 4.8360491952274591
  0.94154E+00 	 -0.64064143035295407	 0.0040251258248752428	 5.043494692155825
  0.93299E+00 	 -0.6029423999687229	 0.0042635926348309587	 5.3832098909712585
  0.92388E+00 	 -0.56765589446845166	 0.0045394368413740754	 5.9330205774826785
  0.91421E+00 	 -0.53519339425213897	 0.0048682611358854717	 6.6776637895889044
  0.90399E+00 	 -0.50572108014564265	 0.0052447333931059954	 7.5536786704912746
  0.89322E+00 	 -0.47920441979160994	 0.0056429915986564794	 8.4576212755114106
  0.88192E+00 	 -0.45546243903721984	 0.006034629479317254	 9.3069966198245648
  0.87009E+00 	 -0.43421871158013003	 0.0076029162331601851	 13.758891506618367
  0.85773E+00 	 -0.41515900867608235	 0.0076498078870357129	 13.561547511925635
  0.84485E+00 	 -0.3979838226447735	 0.0076527966530348171	 13.293316149261337
  0.83147E+00 	 -0.38242113247315179	 0.0075620908676681271	 12.833921374062129
  0.81758E+00 	 -0.36822279422688137	 0.0074181077125292658	 12.33728699306195
  0.80321E+00 	 -0.35518484493470953	 0.0072655389969883888	 11.905903405361165
  0.78835E+00 	 -0.34314005857533286	 0.0071616438828585385	 11.624669926960088
  0.77301E+00 	 -0.33192574955314452	 0.0071544562530120809	 11.566990535202262
  0.75721E+00 	 -0.32139027571317014	 0.0072274359624278205	 11.666670916152565
  0.74095E+00 	 -0.31141814742322527	 0.0073286834044482187	 11.793801779090519
  0.72425E+00 	 -0.30191265754851726	 0.0074491599756397004	 11.95746681771983
  0.70711E+00 	 -0.29280447650574842	 0.0076091157502476518	 12.21349757009947
  0.68954E+00 	 -0.28404342663282456	 0.007816303924886572	 12.563821079662672
  0.67156E+00 	 -0.27557197149180007	 0.0080487698319279891	 12.971586785445444
  0.65317E+00 	 -0.26733027615216043	 0.0082564111944976471	 13.371820332707998
  0.63439E+00 	 -0.25927065747807071	 0.0083615425014594916	 13.574535245284849
  0.61523E+00 	 -0.25132802585546316	 0.0083245437265722332	 13.434829769510111
  0.59570E+00 	 -0.24341914516275293	 0.0082306837375158148	 13.188879895307148
  0.57581E+00 	 -0.23546551979319558	 0.0081509348030295112	 13.040012031751798
  0.55557E+00 	 -0.22741837204613671	 0.0080524204333922399	 12.876653823656289
  0.53500E+00 	 -0.21928550323595655	 0.0078943541439478182	 12.600602090699043
  0.51410E+00 	 -0.21112932311623969	 0.0076891785151706974	 12.252000506443558
  0.49290E+00 	 -0.20301161063460738	 0.0088959228175949506	 16.206849765938724
  0.47140E+00 	 -0.1949602877280964	 0.0086969104356957282	 15.906121121783913
  0.44961E+00 	 -0.18699109112624218	 0.0083031670044289765	 14.931844438919597
  0.42756E+00 	 -0.17905219986079454	 0.0067433099774398941	 10.440036786524285
  0.40524E+00 	 -0.17104130001573356	 0.0064962834771668089	 9.9409656632359393
  0.38268E+00 	 -0.16288974722653543	 0.0063242363858378985	 9.6738811646516929
  0.35990E+00 	 -0.15457022698228368	 0.0061914312928204049	 9.4920184256967719
  0.33689E+00 	 -0.14609603387499362	 0.0060648211744803726	 9.2707103350902571
  0.31368E+00 	 -0.13748794628545299	 0.0059898145997572287	 9.1596603277511353
  0.29028E+00 	 -0.12866667482961086	 0.0060295046989290091	 9.402984086438714
  0.26671E+00 	 -0.11955650219881825	 0.0061853072888387916	 10.081173335225618
  0.24298E+00 	 -0.11014816951989441	 0.0063676529198080029	 10.950202181766031
  0.21910E+00 	 -0.10043732194639574	 0.0064040775583439798	 11.394303567647965
  0.19509E+00 	 -0.090424199212843698	 0.0062229220749768022	 11.089650150797061
  0.17096E+00 	 -0.080145011035293132	 0.0058998457736129288	 10.288336745051494
  0.14673E+00 	 -0.069624344407650807	 0.0055311280688740486	 9.3613338299716009
  0.12241E+00 	 -0.058864387990250164	 0.0052072320259488429	 8.6423772523130395
  0.98017E-01 	 -0.047860477523920905	 0.0049949937647266818	 8.2404155840534017
  0.73565E-01 	 -0.036705544465541078	 0.0048942089253942809	 7.9926518949187413
  0.49068E-01 	 -0.025519170884298194	 0.0054750646947852666	 9.6757694535618377
  0.24541E-01 	 -0.014293478595010204	 0.0052789796908472176	 8.806410793152871
  0.61232E-16 	 -0.0029632679556561964	 0.0051748908930260538	 8.2957168990585615
 -0.24541E-01 	 0.0084529467502287986	 0.0050965963451217429	 7.9449502034866519
 -0.49068E-01 	 0.019888647912527549	 0.0049550208765238414	 7.4797697535114596
 -0.73565E-01 	 0.031285115564108311	 0.0040958564736638678	 5.1666924779627381
 -0.98017E-01 	 0.042629314176449919	 0.0039643382696117075	 4.7877860026672829
 -0.12241E+00 	 0.053950987072595963	 0.0045065406538984804	 6.0196517189919838
 -0.14673E+00 	 0.065226655933164249	 0.0044512227682513986	 5.7828500167354129
 -0.17096E+00 	 0.076410297196202986	 0.0043923242525029981	 5.5340855596650176
 -0.19509E+00 	 0.087401838095330253	 0.0040301688105238128	 4.565141179714864
 -0.21910E+00 	 0.098067396750096028	 0.004150131505410928	 4.6809394929533727
 -0.24298E+00 	 0.10843557047777659	 0.0042684753242313005	 4.795931648203176
 -0.26671E+00 	 0.11859686335948531	 0.0043844686643118884	 4.8848691675616891
 -0.29028E+00 	 0.12859309402298674	 0.0045643974865666155	 5.0967993490138674
 -0.31368E+00 	 0.13838462371800744	 0.0048162817910619091	 5.4738094624981617
 -0.33689E+00 	 0.14791875221775522	 0.0051064768685901473	 5.9594617083940502
 -0.35990E+00 	 0.15718509036132045	 0.0053471725954633313	 6.3863023948039297
 -0.38268E+00 	 0.16621230545690008	 0.0054995842350412869	 6.6680170769318341
 -0.40524E+00 	 0.17496368819311084	 0.0055840062247645922	 6.8556373099157009
 -0.42756E+00 	 0.18340288137133745	 0.005654723137752447	 7.0604590707626409
 -0.44961E+00 	 0.1916074699650861	 0.0057219282288121882	 7.2714608176385296
 -0.47140E+00 	 0.19972218618824936	 0.0058142908316200365	 7.5225578771875838
 -0.49290E+00 	 0.20780894307748679	 0.005979810553137942	 7.8938139079213814
 -0.51410E+00 	 0.21584424510561831	 0.0061780833488817594	 8.3099200571545317
 -0.53500E+00 	 0.22384203607726641	 0.0063225439526682047	 8.602612613142373
 -0.55557E+00 	 0.23187051481006443	 0.0063996153667142527	 8.7777051922297868
 -0.57581E+00 	 0.23998474751611343	 0.0064705828700188719	 8.985342760745505
 -0.59570E+00 	 0.24817759928815836	 0.0075621649147729385	 12.05768035717457
 -0.61523E+00 	 0.25642065393608399	 0.0076279959574727585	 12.429023228253062
 -0.63439E+00 	 0.26472219031531702	 0.0077667733830113902	 13.126087675454336
 -0.65317E+00 	 0.27312871143703532	 0.0078157470717898567	 13.649236120564954
 -0.67156E+00 	 0.28169577846630744	 0.0076782082104846902	 13.610103929587158
 -0.68954E+00 	 0.29046918390088167	 0.0074772681957991057	 13.34493949287249
 -0.70711E+00 	 0.29947070086388078	 0.0072850773867568332	 13.096949177445227
 -0.72425E+00 	 0.30868562500335811	 0.0059165932882977411	 9.2372666809915032
 -0.74095E+00 	 0.31811176387160534	 0.0056889563615760636	 8.8284954981932504
 -0.75721E+00 	 0.32782347251039723	 0.005575676596171618	 8.5930399509882136
 -0.77301E+00 	 0.33795714952494516	 0.0056181037138533134	 8.5173255324944694
 -0.78835E+00 	 0.34868090925457496	 0.0058719247783542653	 8.6551637062842275
 -0.80321E+00 	 0.36018544863077373	 0.0063388196717528338	 8.9599623385114437
 -0.81758E+00 	 0.37268695643345867	 0.0069724884210897288	 9.3189589964724888
 -0.83147E+00 	 0.38643214121966651	 0.0077084031873399074	 9.6337465618912219
 -0.84485E+00 	 0.40168634842462597	 0.0084657695798910203	 9.8092318804699161
 -0.85773E+00 	 0.41873742553401155	 0.0091453845371989046	 9.7384179008164402
 -0.87009E+00 	 0.43790127188747985	 0.0096407645026576495	 9.343477515209937
 -0.88192E+00 	 0.45948901144549881	 0.0099404570063617598	 8.7487111406241702
 -0.89322E+00 	 0.48377326692445205	 0.010354263019765796	 8.5373331834436055
 -0.90399E+00 	 0.51095504412100223	 0.010858994155991626	 8.6741131087378811
 -0.91421E+00 	 0.54112161032834083	 0.011192582625303265	 8.8112288855132448
 -0.92388E+00 	 0.57420096076772109	 0.011151197218762718	 8.7120320152370301
 -0.93299E+00 	 0.60992351931306299	 0.010760726067109963	 8.4504183399415762
 -0.94154E+00 	 0.64779888546525843	 0.010148876233416941	 8.2109811748801462
 -0.94953E+00 	 0.68711839708967959	 0.0093487064307938624	 8.0131079735182205
 -0.95694E+00 	 0.7269947912000011	 0.0083878083583167999	 7.8401879619307646
 -0.96378E+00 	 0.76644218199471126	 0.0073209825295967382	 7.6936547626467071
 -0.97003E+00 	 0.80448407811468892	 0.006210693178967836	 7.5762993799362288
 -0.97570E+00 	 0.84025915667343121	 0.0051195057705694077	 7.5000693863742489
 -0.98079E+00 	 0.87309279087153224	 0.004090907441785311	 7.4597496979644342
 -0.98528E+00 	 0.9025166504646509	 0.0031524084358996248	 7.437202325688391
 -0.98918E+00 	 0.92824279980066082	 0.0023241334939805474	 7.4261122395272308
 -0.99248E+00 	 0.95011368756948189	 0.0016169063654568494	 7.4216882780721836
 -0.99518E+00 	 0.96805180279140979	 0.0010357762284487705	 7.4200875974753258
 -0.99729E+00 	 0.98202172386999431	 0.00058292191603436536	 7.4199638281970302
 -0.99880E+00 	 0.99200755743172186	 0.0002591426033040085	 7.4193704983366429
 -0.99970E+00 	 0.99800158304594944	 6.4797600861655946e-05	 7.4199401447189608
 -0.10000E+01 	 1.0000000097369874	 1.788774872725381e-08	 1
