  0.10000E+01 	 2.2612511778896357e-11	 4.8617512220711145e-12	 2.1172882895840619
  0.99970E+00 	 6.2786850119385856e-07	 2.7090837435511117e-08	 3.1473834499526054
  0.99880E+00 	 1.004345930957729e-05	 4.3333902279376213e-07	 3.1470877192841349
  0.99729E+00 	 5.0824586263199486e-05	 2.1924802259565949e-06	 3.147056091021609
  0.99518E+00 	 0.0001605230821806006	 6.9183169351112218e-06	 3.1454262218914217
  0.99248E+00 	 0.0003912766553998612	 1.6812314789651114e-05	 3.1402787761158968
  0.98918E+00 	 0.00080815442125949848	 3.4453658315345721e-05	 3.1268534276451314
  0.98528E+00 	 0.0014840128261090627	 6.2203525994496535e-05	 3.0981779428523333
  0.98079E+00 	 0.0024877555598022375	 0.00010100625887996524	 3.0446181723716244
  0.97570E+00 	 0.0038641663967437976	 0.0001488059529933189	 2.9563632283776742
  0.97003E+00 	 0.0056094124905985178	 0.00019972825537374541	 2.8270506941540989
  0.96378E+00 	 0.0076537553291653633	 0.0002455432938764666	 2.6590015242467731
  0.95694E+00 	 0.0098647061035764764	 0.00027946706356840817	 2.4673833480629082
  0.94953E+00 	 0.012073638255501373	 0.00030006100820119044	 2.2835875653035349
  0.94154E+00 	 0.014115204022643456	 0.00031241494901227909	 2.1519892280442394
  0.93299E+00 	 0.015861611540309968	 0.00032555799368329301	 2.1173927770937544
  0.92388E+00 	 0.017240072054568751	 0.00034768961656248036	 2.2085127915125011
  0.91421E+00 	 0.018232662543013665	 0.00038230957568634696	 2.4294047467775575
  0.90399E+00 	 0.018866022177855119	 0.00042750037649525542	 2.7597079656697159
  0.89322E+00 	 0.019194681197460938	 0.00047800153926018726	 3.1543648526129417
  0.88192E+00 	 0.01928198650460922	 0.00052732336708685842	 3.5341158118378324
  0.87009E+00 	 0.019188223121492581	 0.00056956659529876631	 3.8007314095050933
  0.85773E+00 	 0.018968013719728533	 0.00060203667169402844	 3.9062384747451189
  0.84485E+00 	 0.018664881047294912	 0.00063008156490680233	 3.9351582710632487
  0.83147E+00 	 0.018308429359684089	 0.00066600117473363993	 4.0581369119569777
  0.81758E+00 	 0.01791974057999687	 0.00071786743657988386	 4.3775180727803411
  0.80321E+00 	 0.017521868677915629	 0.00078221489247581085	 4.8470449618631433
  0.78835E+00 	 0.017135279788545774	 0.00084841351548213203	 5.3397442866810536
  0.77301E+00 	 0.016772415869828364	 0.00090710392919138056	 5.7450184215504301
  0.75721E+00 	 0.016445744928467863	 0.00095475098691803024	 6.0165442093485497
  0.74095E+00 	 0.016160112376310425	 0.00099033487641696249	 6.1527364647068783
  0.72425E+00 	 0.015901274730362888	 0.0010084961735575436	 6.132077439372364
  0.70711E+00 	 0.015653260863754764	 0.0010086905862726455	 6.0102413362163469
  0.68954E+00 	 0.015423680038095338	 0.0010019007427970227	 5.9074725319743751
  0.67156E+00 	 0.015230226782481874	 0.0009954022898236688	 5.8550801914101935
  0.65317E+00 	 0.015073862472172479	 0.00084321567126116094	 4.2579190742603279
  0.63439E+00 	 0.014941189778463796	 0.0008248017938356976	 4.056737398504584
  0.61523E+00 	 0.014825729670072511	 0.00081266351190946928	 3.9071838630126092
  0.59570E+00 	 0.014742651524815195	 0.00080501308709233577	 3.7792309576862295
  0.57581E+00 	 0.014702406981509151	 0.00079857696872944947	 3.6583423597404146
  0.55557E+00 	 0.01470895286522614	 0.00079389868610344545	 3.5696444238095895
  0.53500E+00 	 0.01476296117460198	 0.00079485751131404899	 3.5566993564800136
  0.51410E+00 	 0.014861035653043805	 0.00079707729725253323	 3.6093734739962886
  0.49290E+00 	 0.014982414079009803	 0.00079560987041346176	 3.6921100853829882
  0.47140E+00 	 0.015115573590177938	 0.00079377161841546161	 3.7742908717916626
  0.44961E+00 	 0.015276647810897647	 0.00079994169155744291	 3.8871240872015287
  0.42756E+00 	 0.015468991551728326	 0.00081442151420133978	 4.0582000738712889
  0.40524E+00 	 0.015697398878923147	 0.00081630339308614544	 4.1360913021712902
  0.38268E+00 	 0.015954578898065796	 0.00080726591383478371	 4.1110766689180345
  0.35990E+00 	 0.016233944408839567	 0.00079959342493911138	 4.0750011525867746
  0.33689E+00 	 0.016540690999528387	 0.00079109027086201179	 4.0001667314299176
  0.31368E+00 	 0.016868995600265235	 0.0007801429434845528	 3.8752392750457609
  0.29028E+00 	 0.017211632554044249	 0.00076800574029703243	 3.743502325897921
  0.26671E+00 	 0.017577583955782752	 0.00077380192847919084	 3.7509428373567326
  0.24298E+00 	 0.017968727701686987	 0.00079237733843813963	 3.8380568999955713
  0.21910E+00 	 0.018354035238659219	 0.00080388043030239873	 3.8808652573612363
  0.19509E+00 	 0.018718559415013745	 0.00080332631505541821	 3.8567008179910927
  0.17096E+00 	 0.019085500604085245	 0.0007959667272007374	 3.7942766877330945
  0.14673E+00 	 0.0194328760158235	 0.00078571036852662015	 3.7314204898530456
  0.12241E+00 	 0.019741128561062273	 0.00077633736291297321	 3.7172345048301554
  0.98017E-01 	 0.020025775814144688	 0.00076851383797531519	 3.7272881314417794
  0.73565E-01 	 0.020287030848555813	 0.00075948566986446962	 3.7195508575998333
  0.49068E-01 	 0.020508685940724383	 0.00075648862527931849	 3.7570287816897334
  0.24541E-01 	 0.02065675447596943	 0.00075679516829118675	 3.8187999767952525
  0.61232E-16 	 0.020725171416138503	 0.00075054835243473599	 3.846122716011902
 -0.24541E-01 	 0.020725198879467218	 0.00074320227541902742	 3.8823181428699134
 -0.49068E-01 	 0.020647499827707576	 0.00085058227803458506	 5.1767644952887615
 -0.73565E-01 	 0.020492635026420462	 0.00082874934545909258	 5.1043813774339073
 -0.98017E-01 	 0.020272809596062563	 0.0008293376956518975	 5.3113999815255646
 -0.12241E+00 	 0.019996261124810576	 0.00085386091445254679	 5.7638239351426979
 -0.14673E+00 	 0.019676041402350065	 0.00087830511136324232	 6.1470490895590224
 -0.17096E+00 	 0.019331740855861354	 0.00088081541636987441	 6.2084598507463653
 -0.19509E+00 	 0.018988737067149916	 0.00086141280351663928	 5.9143038014655618
 -0.21910E+00 	 0.018633254326635505	 0.00084606967198192092	 5.6147587411918627
 -0.24298E+00 	 0.018241593800265129	 0.00084740393265009023	 5.4847052466972874
 -0.26671E+00 	 0.017799763628184313	 0.00085465045996573595	 5.4056767537718935
 -0.29028E+00 	 0.017325372986323213	 0.0008707848503816105	 5.4572564059802779
 -0.31368E+00 	 0.016837202252609571	 0.00074506817624700407	 3.9954338917109946
 -0.33689E+00 	 0.016357239041672442	 0.00074233850942533053	 3.9648148435307875
 -0.35990E+00 	 0.015898284727076935	 0.00074583017308092585	 4.0335172556842176
 -0.38268E+00 	 0.015476876253936737	 0.00075046302697371876	 4.2043920586028092
 -0.40524E+00 	 0.015118819893060657	 0.00074684068419179927	 4.3774674691388258
 -0.42756E+00 	 0.014823320071414015	 0.00074101172986139265	 4.5260000336111039
 -0.44961E+00 	 0.014552817189432866	 0.00071238074678297604	 4.396552774711723
 -0.47140E+00 	 0.014301079802997206	 0.00070262050769180433	 4.5079185532961619
 -0.49290E+00 	 0.014081411908262698	 0.00065911003679379118	 4.2553814753825296
 -0.51410E+00 	 0.013894182765960262	 0.00066458335028203716	 4.6722303235106821
 -0.53500E+00 	 0.013738325777085014	 0.00068847930500037628	 5.4046780195549928
 -0.55557E+00 	 0.013622155476901364	 0.0005437018326818685	 3.6373140316930352
 -0.57581E+00 	 0.013560335110648273	 0.00051984253688517441	 3.4085750005499493
 -0.59570E+00 	 0.013553595214356482	 0.00051468696370317801	 3.2737892158144493
 -0.61523E+00 	 0.013589568520285754	 0.00052152125637475795	 3.190863524696304
 -0.63439E+00 	 0.013667444165049655	 0.00053436321025647515	 3.199066729374596
 -0.65317E+00 	 0.01379731088908755	 0.00059565317446007347	 3.8731584804133217
 -0.67156E+00 	 0.01398436520458142	 0.0006027759830424665	 3.9161605685852607
 -0.68954E+00 	 0.014229482621125087	 0.00055285811321568502	 3.2389986680817784
 -0.70711E+00 	 0.014523497536749074	 0.00056412278627119661	 3.2881361375404259
 -0.72425E+00 	 0.014860203191033457	 0.0005732934870268738	 3.3171175614050039
 -0.74095E+00 	 0.015232170140681046	 0.00057916336165131463	 3.3192829990216608
 -0.75721E+00 	 0.015632322935025228	 0.00058053152081982424	 3.3008414959806811
 -0.77301E+00 	 0.016068756270716068	 0.00057951191661211304	 3.2724425232220433
 -0.78835E+00 	 0.016551475759024117	 0.000579942825455537	 3.2473157537836514
 -0.80321E+00 	 0.017080323004787297	 0.00058607506406429817	 3.2527856936668216
 -0.81758E+00 	 0.017643194063214601	 0.00069914466587380527	 4.4521905123922201
 -0.83147E+00 	 0.01821766794847747	 0.00071529632380891667	 4.4971906788961498
 -0.84485E+00 	 0.018776742932967785	 0.00074444245324315633	 4.6472391545372762
 -0.85773E+00 	 0.019283998642935396	 0.00079176443478928826	 4.9225262143927599
 -0.87009E+00 	 0.019690564936918901	 0.00085957998176385908	 5.3466176551262521
 -0.88192E+00 	 0.019937961702204934	 0.00094594620547098704	 5.9240189188153414
 -0.89322E+00 	 0.01996101924068381	 0.0010423207251754189	 6.5884237519812032
 -0.90399E+00 	 0.019688635998463724	 0.0011311925775887022	 7.182158746562088
 -0.91421E+00 	 0.019052100035556605	 0.00095695588175115983	 4.9733726749261127
 -0.92388E+00 	 0.017999244702073175	 0.00094790188422844526	 4.8137616507444507
 -0.93299E+00 	 0.016513116368220272	 0.00092725871295290475	 4.8007199079775225
 -0.94154E+00 	 0.014629376793014353	 0.00086414896257123563	 4.6920769165840159
 -0.94953E+00 	 0.012444125462707586	 0.00078811600030361797	 4.8133952472800843
 -0.95694E+00 	 0.0101070050242528	 0.00066232990180349757	 4.6820026750878672
 -0.96378E+00 	 0.007797574776425808	 0.00062919549908581622	 6.4567504201237877
 -0.97003E+00 	 0.0056877414109923058	 0.00046979686700233464	 6.3586069057942227
 -0.97570E+00 	 0.0039043200030019903	 0.00032793994406933873	 6.2804832225331566
 -0.98079E+00 	 0.0025078083544991634	 0.00021287334338634928	 6.2180254568567888
 -0.98528E+00 	 0.0014940478894803573	 0.00012754595460420378	 6.1718327240952719
 -0.98918E+00 	 0.00081315594289962045	 6.960123850619636e-05	 6.1419150500929955
 -0.99248E+00 	 0.00039363995666723392	 3.3725612143360598e-05	 6.1244170406824976
 -0.99518E+00 	 0.00016149632106677791	 1.3840110954863273e-05	 6.115914496302552
 -0.99729E+00 	 5.1135967556248755e-05	 4.3822975953663496e-06	 6.1118514593538222
 -0.99880E+00 	 1.0105214215676379e-05	 8.6603617259811472e-07	 6.1115627084578641
 -0.99970E+00 	 6.3174425408045864e-07	 5.4138160782554539e-08	 6.1103345125732318
 -0.10000E+01 	 2.7192577024337809e-11	 5.6795902437203035e-12	 2.0343149439521415
