  0.10000E+01  	 7.8801678751078245e-14	 3.2455268845023963e-15	 1
  0.99970E+00  	 9.0749144490896152e-07	 5.3398321448210863e-09	 1.8222984959332935
  0.99880E+00  	 0.00023219307137539085	 1.3664981825801593e-06	 1.8228822325749492
  0.99729E+00  	 0.005942491147771959	 3.4977860874700167e-05	 1.8258538854861504
  0.99518E+00  	 0.059062417399050438	 0.00034728119780216165	 1.8383252730134898
  0.99248E+00  	 0.34656445251987622	 0.0020255558312483892	 1.8735235778239987
  0.98918E+00  	 1.4328558695499489	 0.0082281708355362599	 1.9457661646017175
  0.98528E+00  	 4.5411204203157141	 0.02511953835942227	 2.0493566575157112
  0.98079E+00  	 11.537235345740335	 0.059954137105716135	 2.1531544316193405
  0.97570E+00  	 24.215656000567503	 0.11544201189372746	 2.2333144433507197
  0.97003E+00  	 43.126215861452081	 0.18512184154790154	 2.2782755778346995
  0.96378E+00  	 66.925617382996222	 0.25626048480023189	 2.2911460046035792
  0.95694E+00  	 92.866802305008918	 0.31891497353576026	 2.3033841061141964
  0.94953E+00  	 117.91350367389073	 0.35193507728197809	 2.1190270313343293
  0.94154E+00  	 139.59546916907581	 0.40398409497726856	 2.3352410138542496
  0.93299E+00  	 156.32075298623991	 0.45026199499848335	 2.6057428126348863
  0.92388E+00  	 167.36350866136502	 0.49017608871131457	 2.9158435813614112
  0.91421E+00  	 172.74878794927349	 0.52088137096161036	 3.2197224861568414
  0.90399E+00  	 173.06623509875436	 0.53726853646566808	 3.4549974126581402
  0.89322E+00  	 169.23654064253026	 0.53711717495231948	 3.5867504681079683
  0.88192E+00  	 162.29308504680515	 0.52253336216771074	 3.6135162582720315
  0.87009E+00  	 153.24883629264417	 0.49688791273902466	 3.5568107956108728
  0.85773E+00  	 142.9919894098056	 0.46309639733901509	 3.4392437523172261
  0.84485E+00  	 132.20974793996885	 0.42549704792720161	 3.2966858387954248
  0.83147E+00  	 121.40225029556223	 0.38905704334236746	 3.1553505643924691
  0.81758E+00  	 110.91953645997032	 0.35442222029171117	 3.0151516167338701
  0.80321E+00  	 100.99441809065556	 0.32038774002324333	 2.8569570374689142
  0.78835E+00  	 91.758608682365249	 0.28927385695615576	 2.6959931292226091
  0.77301E+00  	 83.254742031810352	 0.26052247827341191	 2.5337643328846147
  0.75721E+00  	 75.493521904752484	 0.23332065145384223	 2.3604549664518815
  0.74095E+00  	 68.439078964355687	 0.20985205777808646	 2.1925285338013949
  0.72425E+00  	 62.059198148375771	 0.18968783986982146	 2.0429886897144258
  0.70711E+00  	 56.306617227195929	 0.17231884131784414	 1.9349622187978446
  0.68954E+00  	 51.100316792653835	 0.15692645481590878	 1.8486718800306678
  0.67156E+00  	 46.402448129324647	 0.15734609943272912	 2.1179843008180455
  0.65317E+00  	 42.17459377918383	 0.15040564760000591	 2.1925531072869524
  0.63439E+00  	 38.357176198986863	 0.14281559647006226	 2.2324624464688512
  0.61523E+00  	 34.914323419877192	 0.12545272585860298	 1.942517549762826
  0.59570E+00  	 31.793056600676731	 0.11909885925308107	 1.9416838410087873
  0.57581E+00  	 28.953380040315619	 0.1119333688078675	 1.9048601352041761
  0.55557E+00  	 26.375102904313064	 0.10319502891989676	 1.8737045627504698
  0.53500E+00  	 24.024029853514289	 0.094446326732181826	 1.84832505280408
  0.51410E+00  	 21.879440817512826	 0.09521747109563608	 2.2044639505923551
  0.49290E+00  	 19.932716052496652	 0.08237498867833426	 1.9223226875204698
  0.47140E+00  	 18.159251140366223	 0.077925149301095578	 1.9923978147955879
  0.44961E+00  	 16.53604814457249	 0.083523036617252092	 2.6629883672282082
  0.42756E+00  	 15.046087884075783	 0.078150323995563667	 2.6883535029184933
  0.40524E+00  	 13.677194265064069	 0.073065936960577449	 2.7195426797618794
  0.38268E+00  	 12.416490062555917	 0.06005722761690211	 2.1121631604833633
  0.35990E+00  	 11.262975017383685	 0.055927329328328029	 2.1025478082903191
  0.33689E+00  	 10.211066474374636	 0.052831175804922983	 2.1064107994129957
  0.31368E+00  	 9.2394784913294075	 0.04959611642327804	 2.1023806369408047
  0.29028E+00  	 8.3457908693708855	 0.046501337495181462	 2.1428636155820784
  0.26671E+00  	 7.5257273770822417	 0.043841755426714278	 2.2016577432732318
  0.24298E+00  	 6.7853719473518881	 0.041149953853596759	 2.2484034907491446
  0.21910E+00  	 6.1165771400722626	 0.037985570281194946	 2.2267133827541854
  0.19509E+00  	 5.5130727174350591	 0.035605634756364413	 2.3011730914264126
  0.17096E+00  	 4.9772122356199846	 0.035123505262669323	 2.6229472618491401
  0.14673E+00  	 4.5164323831211313	 0.032028774619417388	 2.5235023012259425
  0.12241E+00  	 4.1289801957386816	 0.027138968134751071	 2.0858895200255851
  0.98017E-01  	 3.8096743572679017	 0.024917695077924653	 2.0523252299674888
  0.73565E-01  	 3.558018332163408	 0.02323561412307713	 2.0622654525430524
  0.49068E-01  	 3.376871070383443	 0.022152114447666717	 2.1110019165029787
  0.24541E-01  	 3.267913498017998	 0.021384363956927978	 2.1677056946415951
  0.61232E-16  	 3.2295064917407528	 0.02073098759833546	 2.1329440344459227
 -0.24541E-01  	 3.2640955737395481	 0.021184331986231601	 2.1776431701170051
 -0.49068E-01  	 3.3732742922653163	 0.022506059702335896	 2.2231513976659691
 -0.73565E-01  	 3.5512261870043473	 0.023754175833197447	 2.190266286921891
 -0.98017E-01  	 3.7972005750601916	 0.024937686096623925	 2.173707625192737
 -0.12241E+00  	 4.1162149180376746	 0.025691104075867804	 2.0590975885950562
 -0.14673E+00  	 4.5057422434763055	 0.027093676368050646	 1.9568321297296705
 -0.17096E+00  	 4.9573158332067218	 0.029515541051927472	 1.9150648536121524
 -0.19509E+00  	 5.4762649658351572	 0.033159318173205672	 1.9594994740754732
 -0.21910E+00  	 6.0624745715697017	 0.036461425262479752	 1.9860080526809976
 -0.24298E+00  	 6.7209898478024694	 0.039706158669640432	 1.9957586238169014
 -0.26671E+00  	 7.449418265909121	 0.042374766956786471	 1.9581288174567204
 -0.29028E+00  	 8.2590341778132643	 0.044719237758438411	 1.9017934974787747
 -0.31368E+00  	 9.1546805017070092	 0.047313725712386019	 1.8449196314917407
 -0.33689E+00  	 10.132225622254504	 0.050252451273495653	 1.8026606776118779
 -0.35990E+00  	 11.189177030347567	 0.054021390431087085	 1.8020538865619011
 -0.38268E+00  	 12.333275219654009	 0.058423289463705341	 1.813217677601044
 -0.40524E+00  	 13.581030424808205	 0.062424974731463537	 1.7868686712200827
 -0.42756E+00  	 14.944575949523848	 0.066074078517045332	 1.7222803884232019
 -0.44961E+00  	 16.431769622434093	 0.070512525133723095	 1.7041904868909663
 -0.47140E+00  	 18.049691518968416	 0.076013376600835	 1.7106282824156753
 -0.49290E+00  	 19.818416151043365	 0.082373959026828286	 1.7071898143932815
 -0.51410E+00  	 21.767025922816028	 0.089033653693138037	 1.7003571036633187
 -0.53500E+00  	 23.90546011288026	 0.095098941492716013	 1.6879567314328014
 -0.55557E+00  	 26.263785877049006	 0.10222114826941768	 1.6887003583008116
 -0.57581E+00  	 28.851603544980012	 0.11091877021826403	 1.6962146809747287
 -0.59570E+00  	 31.697207642570529	 0.12119503045372737	 1.7244623163711938
 -0.61523E+00  	 34.835029549064366	 0.13340739708628818	 1.7853497598427244
 -0.63439E+00  	 38.313701068792795	 0.14595863461346253	 1.8707030915043414
 -0.65317E+00  	 42.166536960675202	 0.15960969712414416	 2.0000798059268674
 -0.67156E+00  	 46.414518384436363	 0.1754757449782384	 2.1689497939569327
 -0.68954E+00  	 51.096508472449031	 0.19420403191773356	 2.3572761444349095
 -0.70711E+00  	 56.271539275992687	 0.21824663237808614	 2.6136714053122798
 -0.72425E+00  	 62.00682395014514	 0.24544420067400385	 2.881692302373613
 -0.74095E+00  	 68.35059464726254	 0.27143965587627766	 3.0955104612588413
 -0.75721E+00  	 75.344191735932256	 0.29915844974980682	 3.3016439388476315
 -0.77301E+00  	 83.042991953957795	 0.32774343986615234	 3.4673789688413743
 -0.78835E+00  	 91.48095300847227	 0.35746122280356551	 3.5868487638300133
 -0.80321E+00  	 100.63464860477117	 0.39066972255022731	 3.7223668976642794
 -0.81758E+00  	 110.47352572684353	 0.42327241184540654	 3.8075986685756007
 -0.83147E+00  	 120.88942688513073	 0.45482490054642982	 3.8316363296268761
 -0.84485E+00  	 131.66546520675692	 0.49301953585597447	 3.9318191181551994
 -0.85773E+00  	 142.45714291251699	 0.52901848428885245	 4.0048318607110165
 -0.87009E+00  	 152.75619444224762	 0.55880817961629303	 4.0159506393869213
 -0.88192E+00  	 161.88505886639834	 0.58006659636443458	 3.9395848370033506
 -0.89322E+00  	 168.97081228323469	 0.58913406526948475	 3.7609003594885579
 -0.90399E+00  	 172.99294053667307	 0.52280972737582876	 2.8266337186871335
 -0.91421E+00  	 172.88891274154636	 0.521848981107079	 2.7815228934287468
 -0.92388E+00  	 167.6931922436608	 0.5055015383230288	 2.6917428658246036
 -0.93299E+00  	 156.7711237760866	 0.47376568493689469	 2.5605308077082287
 -0.94154E+00  	 140.06631735331979	 0.42701055309846997	 2.3698875519446374
 -0.94953E+00  	 118.29124257040728	 0.35187581055249423	 1.9507785670187177
 -0.95694E+00  	 93.079830243531688	 0.29080815010398092	 1.7763616018517168
 -0.96378E+00  	 66.976456411183506	 0.22647166334198185	 1.6701962525363394
 -0.97003E+00  	 43.07689837176558	 0.16086199289074876	 1.6154032131919289
 -0.97570E+00  	 24.142210636174681	 0.10041895592426898	 1.589264497095042
 -0.98079E+00  	 11.484824659662719	 0.05305229892525682	 1.5726400463701988
 -0.98528E+00  	 4.5164697475038365	 0.022869116907478507	 1.5549503382303773
 -0.98918E+00  	 1.4247069947419999	 0.0077314940385945297	 1.5366904809094026
 -0.99248E+00  	 0.34462914466397354	 0.001951014866486474	 1.5240139159022679
 -0.99518E+00  	 0.058742393948579809	 0.00033916547316790264	 1.5183193619696176
 -0.99729E+00  	 0.0059109004360850034	 3.4353082458516409e-05	 1.5166544099112795
 -0.99880E+00  	 0.00023096801849773691	 1.344283332173659e-06	 1.5164626487201036
 -0.99970E+00  	 9.0271172522911354e-07	 5.2545933004386257e-09	 1.5164093501616613
 -0.10000E+01	 8.4906419828615881e-14	 9.4233642622990872e-15	 1
