  0.10000E+01  	 -0.15450970203264341	 0.00038402528616630893	 2.5114642801209386
  0.99970E+00  	 -0.15446437927386453	 0.00038376155897004114	 2.5099383579083154
  0.99880E+00  	 -0.1545201517132446	 0.0003839259040934303	 2.5102983323024026
  0.99729E+00  	 -0.15469213107321833	 0.00038426316139295703	 2.5113876496738206
  0.99518E+00  	 -0.15492661011873501	 0.00038414560644109625	 2.5156471617836531
  0.99248E+00  	 -0.15491458062354824	 0.00038139543266456637	 2.5269553335518222
  0.98918E+00  	 -0.15401711791796541	 0.00037199174580140442	 2.5509762417747255
  0.98528E+00  	 -0.1514272305739611	 0.00035123008417472016	 2.5889533327758114
  0.98079E+00  	 -0.14677896998846962	 0.00032474319737268298	 2.7429810876119385
  0.97570E+00  	 -0.14088214425802029	 0.00029199144797974419	 2.9003644598340292
  0.97003E+00  	 -0.13564364566265785	 0.00028146779688162908	 3.3821025064743995
  0.96378E+00  	 -0.13288643941810607	 0.00027516607538543073	 3.5442428164572135
  0.95694E+00  	 -0.13308084108393986	 0.00027836100653218514	 3.55626157244407
  0.94953E+00  	 -0.13515601447487319	 0.00028030352290907208	 3.479210117307626
  0.94154E+00  	 -0.13736866704460171	 0.00027535452126544255	 3.389341051435296
  0.93299E+00  	 -0.13829819855580494	 0.00026849863768519506	 3.4599934331046338
  0.92388E+00  	 -0.13728270796545847	 0.00025448171783113614	 3.4792024362329785
  0.91421E+00  	 -0.13432940641105795	 0.00023748048948393343	 3.4482711974517835
  0.90399E+00  	 -0.12979484145921055	 0.00022107063049587214	 3.4200317380237903
  0.89322E+00  	 -0.1241078023509449	 0.00020641435781984939	 3.4023690306717245
  0.88192E+00  	 -0.11766377754149911	 0.000192322081296611	 3.3458464482397905
  0.87009E+00  	 -0.11080101302207807	 0.0001971741054882916	 3.9558977058410725
  0.85773E+00  	 -0.1037418735174781	 0.00017009571465698443	 3.3243859808707343
  0.84485E+00  	 -0.096671187498997377	 0.00015693979593781146	 3.2213264835070961
  0.83147E+00  	 -0.089759905287354474	 0.0001451959760429654	 3.1000603833385187
  0.81758E+00  	 -0.083103531017255552	 0.00013608831062758556	 3.0250564556187749
  0.80321E+00  	 -0.07677760089428981	 0.00012146831320127538	 2.7124194437428835
  0.78835E+00  	 -0.070798034330630741	 0.0001251069571832764	 3.362214123636154
  0.77301E+00  	 -0.065222404687073757	 0.00011581135957302854	 3.3307015214575357
  0.75721E+00  	 -0.060071493447836077	 9.6698316926862902e-05	 2.6491932712882296
  0.74095E+00  	 -0.055331264686528894	 8.9925976694996896e-05	 2.5554292977267425
  0.72425E+00  	 -0.050958022478971035	 8.4809456575210006e-05	 2.5522811875633971
  0.70711E+00  	 -0.046919884773373506	 8.0366890566693235e-05	 2.5387982738536916
  0.68954E+00  	 -0.043211200820584834	 7.5196373593842687e-05	 2.4719323043452621
  0.67156E+00  	 -0.039803904892667136	 7.0125070372941236e-05	 2.4250908722835893
  0.65317E+00  	 -0.036676905543240976	 7.1983396067369187e-05	 2.8113146278982173
  0.63439E+00  	 -0.033826803234060156	 6.4436950280370158e-05	 2.397442985157261
  0.61523E+00  	 -0.031199120092605313	 6.2213697693454099e-05	 2.3886366098892
  0.59570E+00  	 -0.028783677611325525	 5.9219164259832078e-05	 2.3961196721532825
  0.57581E+00  	 -0.026573452873643225	 5.5578106792036208e-05	 2.4295152837475538
  0.55557E+00  	 -0.024528102250685489	 5.303190275936119e-05	 2.4487709862810001
  0.53500E+00  	 -0.022647996561600752	 4.8911839160414123e-05	 2.3478398282436479
  0.51410E+00  	 -0.020924036311426579	 4.4917086984984479e-05	 2.1411977921035183
  0.49290E+00  	 -0.019320800292325378	 4.239382308213483e-05	 2.1609057976488195
  0.47140E+00  	 -0.017836623264448008	 3.9783221814520848e-05	 2.1869336653245957
  0.44961E+00  	 -0.016463766928301607	 3.8332727238589151e-05	 2.3593347867212859
  0.42756E+00  	 -0.015204477747872645	 3.6580615941565139e-05	 2.3607049057386011
  0.40524E+00  	 -0.014035536930758022	 3.5461756119648052e-05	 2.4298809980253915
  0.38268E+00  	 -0.012956388596634031	 3.3915458939016832e-05	 2.489778484361012
  0.35990E+00  	 -0.011960591323221107	 3.2498720296145306e-05	 2.5244233868570607
  0.33689E+00  	 -0.011047085194836602	 3.033228281661669e-05	 2.4936248487743482
  0.31368E+00  	 -0.010210214591972291	 2.8906458625992991e-05	 2.5208880976463415
  0.29028E+00  	 -0.0094406461985496355	 2.8066195671539239e-05	 2.6973390458934228
  0.26671E+00  	 -0.0087441674767656814	 2.639519111478609e-05	 2.7646477496974975
  0.24298E+00  	 -0.0081140115246761211	 2.5177511871143453e-05	 2.8687812853211141
  0.21910E+00  	 -0.0075492929678643026	 2.3912097420867757e-05	 2.9113109400547894
  0.19509E+00  	 -0.0070487203375347463	 2.0761913280209704e-05	 2.4196373765832471
  0.17096E+00  	 -0.0066085423056231113	 2.003519283452393e-05	 2.4512295563229811
  0.14673E+00  	 -0.0062264745661052669	 1.8868554059949223e-05	 2.4286793405969447
  0.12241E+00  	 -0.0059028539052550424	 1.7962560905143721e-05	 2.3896085061156302
  0.98017E-01  	 -0.0056412638223032078	 1.818689960912552e-05	 2.5874294458128917
  0.73565E-01  	 -0.0054414179055646359	 1.7603777713294291e-05	 2.6141476437559161
  0.49068E-01  	 -0.005298149685580361	 1.7407556090940316e-05	 2.6687438932722185
  0.24541E-01  	 -0.0052123022117500631	 1.7357168129897561e-05	 2.7475424400319253
  0.61232E-16  	 -0.005187288943179452	 1.7420372982118294e-05	 2.8282816731798133
 -0.24541E-01  	 -0.0052167783111420583	 1.7446936131332227e-05	 2.8280270922580519
 -0.49068E-01  	 -0.0053022548061780819	 1.8881637263671267e-05	 3.2235325728438786
 -0.73565E-01  	 -0.0054500838309203105	 1.723068124602805e-05	 2.5449068873025871
 -0.98017E-01  	 -0.0056598423213931699	 1.720948408355435e-05	 2.4261479322103674
 -0.12241E+00  	 -0.0059196932766238811	 1.8885450012166375e-05	 2.6666481491451286
 -0.14673E+00  	 -0.0062347000608342648	 2.0071681600741964e-05	 2.6789402585800586
 -0.17096E+00  	 -0.00661058515119845	 2.1556214515519316e-05	 2.7628272429594829
 -0.19509E+00  	 -0.0070467698107186533	 2.2579458188266525e-05	 2.756332186156186
 -0.21910E+00  	 -0.0075526024329760624	 2.4106976537562171e-05	 2.7081001797035418
 -0.24298E+00  	 -0.0081166701737932553	 2.585326411127196e-05	 2.788629683332879
 -0.26671E+00  	 -0.0087500237102050241	 2.9836186903060022e-05	 3.3188562513772664
 -0.29028E+00  	 -0.0094527965669141522	 3.0935137150984872e-05	 3.2258773013563538
 -0.31368E+00  	 -0.010219487817043533	 3.2188472254850376e-05	 3.1686316710684324
 -0.33689E+00  	 -0.011048462444764576	 3.3587143664019024e-05	 3.2295195236075731
 -0.35990E+00  	 -0.01195487059183559	 3.565249533531468e-05	 3.2623622679266009
 -0.38268E+00  	 -0.012951038905077802	 3.7756509799838875e-05	 3.1969529494057922
 -0.40524E+00  	 -0.01402753411241018	 3.9896892288337787e-05	 3.187416142051565
 -0.42756E+00  	 -0.015195326158174314	 4.1715707228187684e-05	 3.0595682757156175
 -0.44961E+00  	 -0.016454578226653273	 4.4180664425031968e-05	 2.9881664505997727
 -0.47140E+00  	 -0.017821819409138007	 4.8280530113209174e-05	 3.1135476555613892
 -0.49290E+00  	 -0.019309398674201939	 5.2195707811137282e-05	 3.1950810975834321
 -0.51410E+00  	 -0.020917444771351969	 5.4878125309687491e-05	 3.1489793154885399
 -0.53500E+00  	 -0.02265937417962352	 6.0389883166496465e-05	 3.2509379069539204
 -0.55557E+00  	 -0.024534868954048696	 6.3991402071695116e-05	 3.1122957811736396
 -0.57581E+00  	 -0.026572156725521722	 6.9755737675995563e-05	 3.262962932773033
 -0.59570E+00  	 -0.028785104474899934	 7.4464488160144005e-05	 3.3543816429201541
 -0.61523E+00  	 -0.031207606523028911	 7.7989153902900855e-05	 3.3252889245522201
 -0.63439E+00  	 -0.03384395340964861	 8.3070419199647924e-05	 3.4086851989231843
 -0.65317E+00  	 -0.036692259249984191	 9.123627379124882e-05	 3.6231991194395277
 -0.67156E+00  	 -0.039802785156582629	 9.9240863152041519e-05	 3.9330476124833327
 -0.68954E+00  	 -0.043186144538717296	 0.00010631247904173393	 4.1001574836419641
 -0.70711E+00  	 -0.046875339409457692	 0.00010922226039756384	 3.9779287244483528
 -0.72425E+00  	 -0.050885664471958331	 0.00011180170341073936	 3.7796795918891091
 -0.74095E+00  	 -0.05522901606897155	 0.00011581705746020236	 3.728707865349743
 -0.75721E+00  	 -0.05995972796394726	 0.00011578866576908732	 3.5078508759160916
 -0.77301E+00  	 -0.065090430290310225	 0.00011968781384217228	 3.5123287056380708
 -0.78835E+00  	 -0.070640287252995218	 0.00012136531125769236	 3.3862357770621858
 -0.80321E+00  	 -0.076609297315823069	 0.00012002966254070684	 3.0813929267023705
 -0.81758E+00  	 -0.082948306988893536	 0.00012434695150683478	 3.0239255135414744
 -0.83147E+00  	 -0.089614064733223128	 0.00013128403258149182	 3.0734971698048055
 -0.84485E+00  	 -0.096548111268113329	 0.00013092276058946972	 2.6978608734413805
 -0.85773E+00  	 -0.10363902071335543	 0.00014081119518342971	 2.6977661853063473
 -0.87009E+00  	 -0.11072595577228737	 0.00015098256123728481	 2.7297397515926027
 -0.88192E+00  	 -0.1175972107590649	 0.00016203850046438457	 2.779224218976827
 -0.89322E+00  	 -0.12400702717379697	 0.0001748059715444268	 2.8377965861439449
 -0.90399E+00  	 -0.129648664910299	 0.00019013715777801762	 2.8978863763389362
 -0.91421E+00  	 -0.13414009402799743	 0.00021108069581239825	 3.0495078959399766
 -0.92388E+00  	 -0.13705915959221865	 0.00023596007290606244	 3.2484729076064629
 -0.93299E+00  	 -0.1380685954810916	 0.0002569455183679722	 3.335130993142104
 -0.94154E+00  	 -0.13717635368103973	 0.00027055064021177258	 3.3431386921517543
 -0.94953E+00  	 -0.13502504144764621	 0.00027755772232769717	 3.3583534968752806
 -0.95694E+00  	 -0.13301664066733965	 0.00038564692609857138	 6.4320604031519046
 -0.96378E+00  	 -0.13288904367146293	 0.00036653448985915927	 5.8076271431825557
 -0.97003E+00  	 -0.13569221927458097	 0.00038348888422872347	 5.8037177233959119
 -0.97570E+00  	 -0.14093426157989439	 0.00041415723256961408	 5.4656089151345002
 -0.98079E+00  	 -0.14679864946915272	 0.00045346339307611612	 5.0434603761245658
 -0.98528E+00  	 -0.15140148653422272	 0.00033687405452930487	 2.2448090022000788
 -0.98918E+00  	 -0.15395843862650249	 0.00035835955590130485	 2.2030120076012318
 -0.99248E+00  	 -0.15484214328179896	 0.00036926322353225167	 2.1783169950521213
 -0.99518E+00  	 -0.15485272851164542	 0.00037302118577512252	 2.166022810652473
 -0.99729E+00  	 -0.15461971676042463	 0.00037367284355976839	 2.161544814283566
 -0.99880E+00  	 -0.15444929556162587	 0.00037349074572895252	 2.1601862298039145
 -0.99970E+00  	 -0.15439374367793052	 0.00037339856559563228	 2.1600489962080434
 -0.10000E+01	 -0.15444042316069082	 0.00037341456696701205	 2.1594593806554996
