  0.10000E+01  	 0.052556212077944288	 0.00030915012940322962	 1.8212804607652102
  0.99970E+00  	 0.052532071237067296	 0.00030912656404346141	 1.8224764883832729
  0.99880E+00  	 0.052546932146635958	 0.00030931376185756111	 1.8236704837128357
  0.99729E+00  	 0.052493510615325485	 0.00030911259427945833	 1.8343148013823476
  0.99518E+00  	 0.051981767458150231	 0.00030503695560784699	 1.8752211249784243
  0.99248E+00  	 0.050222668473139533	 0.00029042715486121115	 1.9825468491018587
  0.98918E+00  	 0.046457586158689633	 0.0002594831121144176	 2.1504863811797255
  0.98528E+00  	 0.040853577237623992	 0.00021590914023277482	 2.3338881585341351
  0.98079E+00  	 0.034638596027815577	 0.00017087843447078095	 2.5614617311821752
  0.97570E+00  	 0.029225705395175692	 0.00013392553857530622	 2.6998590688466946
  0.97003E+00  	 0.025518654277597978	 0.00011383202883229298	 2.7753902337535092
  0.96378E+00  	 0.023822069052906729	 0.00010833820163432338	 2.8024134148224968
  0.95694E+00  	 0.023821223718027754	 0.00010462077675337795	 2.5284614010756727
  0.94953E+00  	 0.024763090579333593	 0.00011124181163659662	 2.7447244470760217
  0.94154E+00  	 0.025869222032730808	 0.0001154000509981708	 2.9426585340547282
  0.93299E+00  	 0.026735197241574932	 0.00011885877343859151	 3.2149895036562706
  0.92388E+00  	 0.027224304913982152	 0.00011781588925349222	 3.2914068314209826
  0.91421E+00  	 0.027300617639052106	 0.00011420103345572493	 3.2985371226494808
  0.90399E+00  	 0.026952641605582688	 0.00010878818898680574	 3.3139877323752449
  0.89322E+00  	 0.026182784235819018	 0.00010159233281019962	 3.2692907394915065
  0.88192E+00  	 0.024953076053968959	 9.1178075996505828e-05	 3.1069225465022887
  0.87009E+00  	 0.023370744433703558	 8.1028271231936824e-05	 2.9371114524599369
  0.85773E+00  	 0.02151330583437492	 7.0652952544888358e-05	 2.7434299701261606
  0.84485E+00  	 0.019492303991063033	 6.1063085588533624e-05	 2.5598883567733743
  0.83147E+00  	 0.017434265928377116	 5.342659304911188e-05	 2.3383660545914919
  0.81758E+00  	 0.015413475731598238	 4.7146659023325737e-05	 2.2957754665122101
  0.80321E+00  	 0.013515194526341116	 4.0286595854409155e-05	 2.157308513306583
  0.78835E+00  	 0.011757732959068996	 3.3527147191152901e-05	 1.942137398790496
  0.77301E+00  	 0.010184851482079349	 2.907028295167476e-05	 1.8419814561036612
  0.75721E+00  	 0.0087971941604462148	 2.5669407158385279e-05	 1.8437717273586314
  0.74095E+00  	 0.0075892528718805863	 2.3206207988053241e-05	 1.8742208957235442
  0.72425E+00  	 0.006547118719770745	 2.1571611947036746e-05	 2.004874449346707
  0.70711E+00  	 0.0056314821157213944	 1.8486469294095567e-05	 1.8131152840956988
  0.68954E+00  	 0.0048434201925521992	 1.6355758806493298e-05	 1.709207009509317
  0.67156E+00  	 0.0041707834582281065	 1.4069152196220603e-05	 1.5940906467837581
  0.65317E+00  	 0.0035888332399429358	 1.2694993977005524e-05	 1.6045226464624802
  0.63439E+00  	 0.0030942069339440431	 1.1388967856263396e-05	 1.5696574125998748
  0.61523E+00  	 0.0026669903347816735	 1.0483471518372808e-05	 1.5700102641820282
  0.59570E+00  	 0.0023026763472835643	 1.0623852229085091e-05	 1.9825300923791893
  0.57581E+00  	 0.0019950210545286846	 9.25611950079794e-06	 2.0087324541401581
  0.55557E+00  	 0.0017265267773579778	 8.2326072752857762e-06	 1.9599979151322331
  0.53500E+00  	 0.0014980353008441397	 6.4559191884663882e-06	 1.5417296045193911
  0.51410E+00  	 0.0013029237464464757	 5.7168522315845479e-06	 1.4003999974850241
  0.49290E+00  	 0.0011314998217705117	 4.7701493735588331e-06	 1.2868766291672833
  0.47140E+00  	 0.00098089957804542568	 4.5098264310554089e-06	 1.3586998859233916
  0.44961E+00  	 0.00084867575932176282	 3.9422141425584369e-06	 1.4190550879062447
  0.42756E+00  	 0.00073894964551239617	 3.5186067331942253e-06	 1.3649429808322868
  0.40524E+00  	 0.00064153475189489002	 3.3331781141442494e-06	 1.4738720554829912
  0.38268E+00  	 0.0005580712391938977	 2.9979297446986116e-06	 1.4997092147033546
  0.35990E+00  	 0.00048403437540213331	 2.5644548580763305e-06	 1.3452634892534399
  0.33689E+00  	 0.00041967911838278757	 2.2364576464218533e-06	 1.2907888274988242
  0.31368E+00  	 0.00036567481744448978	 2.0296058493872359e-06	 1.315983996053907
  0.29028E+00  	 0.00031669373677424198	 1.9157790285445555e-06	 1.4213492882088403
  0.26671E+00  	 0.00027594492252498395	 1.6139468113810088e-06	 1.3529581521161989
  0.24298E+00  	 0.00024035835838411067	 1.4826887302751131e-06	 1.3787789840150226
  0.21910E+00  	 0.00020994697934921926	 1.3699548266814717e-06	 1.4509439323051236
  0.19509E+00  	 0.00018420047915637536	 1.2184396298992425e-06	 1.4522401656946167
  0.17096E+00  	 0.00016221415291084839	 1.1572467401872776e-06	 1.5869536246161211
  0.14673E+00  	 0.00014384404464715342	 1.0705792223246673e-06	 1.5895991519578301
  0.12241E+00  	 0.00012893524380334714	 9.4536476461369047e-07	 1.5112423732499347
  0.98017E-01  	 0.00011708413319135866	 8.6306304287232485e-07	 1.505740828426319
  0.73565E-01  	 0.00010847158378715254	 7.0866626282729475e-07	 1.2677056328019287
  0.49068E-01  	 0.00010217215614836106	 7.0007077367065098e-07	 1.3264684564050242
  0.24541E-01  	 9.8447844037941103e-05	 6.987540994086101e-07	 1.2829298670719604
  0.61232E-16  	 9.7584604283910582e-05	 6.7515488948220205e-07	 1.4055933886276097
 -0.24541E-01  	 9.8955390683462446e-05	 7.1552706925904079e-07	 1.4262020372086044
 -0.49068E-01  	 0.00010236688448267151	 7.155863497609041e-07	 1.294869496731923
 -0.73565E-01  	 0.0001087403406903262	 7.5292386388612964e-07	 1.3022834843684807
 -0.98017E-01  	 0.00011877112955290121	 8.3067622356009607e-07	 1.3028616529782135
 -0.12241E+00  	 0.00013020192582013487	 9.6889167526159673e-07	 1.4919180486518389
 -0.14673E+00  	 0.00014430156310080175	 1.0008357368876353e-06	 1.3712282857403386
 -0.17096E+00  	 0.00016207747258057252	 1.1394351282588484e-06	 1.4313565717326546
 -0.19509E+00  	 0.00018392900158009835	 1.2304313531513297e-06	 1.4187745654723847
 -0.21910E+00  	 0.00021095372879933403	 1.8963438103589313e-06	 2.2723715748731665
 -0.24298E+00  	 0.00024050860657008602	 2.0564598099118542e-06	 2.3655265627447437
 -0.26671E+00  	 0.00027646200779680183	 2.2816004101027501e-06	 2.4668952509567048
 -0.29028E+00  	 0.00031892546526045772	 1.9549306311321765e-06	 1.4408474001460854
 -0.31368E+00  	 0.00036693008194855955	 2.1967564560372566e-06	 1.5098582880111033
 -0.33689E+00  	 0.00042094206035379168	 2.1771819249204124e-06	 1.3322675318021429
 -0.35990E+00  	 0.00048317102106287482	 3.2307732568488079e-06	 2.3575744589364547
 -0.38268E+00  	 0.00055793471609414834	 3.6828886076701807e-06	 2.3239265836576726
 -0.40524E+00  	 0.00064259058572766652	 3.1114569126919537e-06	 1.350643104602794
 -0.42756E+00  	 0.00073883940309155702	 3.5696326120329629e-06	 1.3457345978203468
 -0.44961E+00  	 0.00085065144618666337	 5.2588115887134479e-06	 2.2961763765446763
 -0.47140E+00  	 0.00098037148178619499	 4.9596444868521928e-06	 1.6464886350812524
 -0.49290E+00  	 0.0011315857933539969	 5.8756180714093576e-06	 1.6902684880755494
 -0.51410E+00  	 0.001303222478091921	 6.0938470336830667e-06	 1.5018078477972496
 -0.53500E+00  	 0.0015040719275509211	 6.8798260287243518e-06	 1.5603657650886502
 -0.55557E+00  	 0.0017309810158574785	 7.772999483096958e-06	 1.5254030669742868
 -0.57581E+00  	 0.0019973130143260132	 1.0066504204940784e-05	 1.9999699792153527
 -0.59570E+00  	 0.002309775742262809	 1.161952009115808e-05	 2.1299358552651033
 -0.61523E+00  	 0.0026738570869472783	 1.3204991987678953e-05	 2.2872680853070761
 -0.63439E+00  	 0.0031016947131561464	 1.4729170131978158e-05	 2.3897897610764387
 -0.65317E+00  	 0.0035943189231587799	 1.7911226552950382e-05	 2.724299375999458
 -0.67156E+00  	 0.0041721799257370337	 2.0020723567066396e-05	 2.8151633301685228
 -0.68954E+00  	 0.0048365557687899598	 2.2950596816243468e-05	 3.0467142746975173
 -0.70711E+00  	 0.0056157321104086467	 2.8155387812763894e-05	 3.7654598555131198
 -0.72425E+00  	 0.0065164711378163575	 2.9873752429406565e-05	 3.426869142168206
 -0.74095E+00  	 0.0075536911852443211	 3.1259621202666814e-05	 3.0431694850134763
 -0.75721E+00  	 0.0087575797031868487	 3.0546653230538755e-05	 2.4866279941146501
 -0.77301E+00  	 0.010134888872205629	 3.7857179591175678e-05	 3.1466100926487841
 -0.78835E+00  	 0.011700791639069152	 4.169341266739448e-05	 3.2449333411291508
 -0.80321E+00  	 0.013441015737067481	 4.5864415755825756e-05	 3.1338115192440026
 -0.81758E+00  	 0.015326820802981712	 4.5946826495086431e-05	 2.5623796717629279
 -0.83147E+00  	 0.017337267056859243	 4.9280209173317985e-05	 2.5185453484646469
 -0.84485E+00  	 0.019396601749751326	 5.8691033296676625e-05	 2.8261398118581385
 -0.85773E+00  	 0.021428640171332825	 6.7080999235184005e-05	 2.7915050267764592
 -0.87009E+00  	 0.023301926371159177	 6.6065991713659759e-05	 2.2189526329439704
 -0.88192E+00  	 0.024891010941924811	 7.4534347019265118e-05	 2.3480357406191108
 -0.89322E+00  	 0.026098402519858295	 8.4321464614459327e-05	 2.5760968350171423
 -0.90399E+00  	 0.026866823482202398	 9.0859061719481189e-05	 2.6949112921396923
 -0.91421E+00  	 0.027205924216164152	 9.6048312470867485e-05	 2.7461833602225334
 -0.92388E+00  	 0.027123534104528814	 0.00010198960952405628	 2.907836463883581
 -0.93299E+00  	 0.026627812442978974	 0.00010643988476973342	 3.0043373225032086
 -0.94154E+00  	 0.02579143371528908	 0.00010734017975470979	 2.9833289655060331
 -0.94953E+00  	 0.024689694195374322	 0.00010826817686213164	 2.9912951196748874
 -0.95694E+00  	 0.023756231027597739	 0.00010643311610762982	 2.9475917353981154
 -0.96378E+00  	 0.023775377884379913	 0.00010492757071456357	 2.8377199460378146
 -0.97003E+00  	 0.025472418314998288	 0.00010681846545659259	 2.5127331920462881
 -0.97570E+00  	 0.029165251637007873	 0.00011361181541385086	 1.9434669160051121
 -0.98079E+00  	 0.034523660891861152	 0.00014161789488339964	 1.7657990895285496
 -0.98528E+00  	 0.040655398717405082	 0.00018089753740870582	 1.6297315774956909
 -0.98918E+00  	 0.046186350519948592	 0.00022703534529638599	 1.5663859687682939
 -0.99248E+00  	 0.049921045551573506	 0.00026856535856911799	 1.5399773198511588
 -0.99518E+00  	 0.051685754991324953	 0.00029316523032462956	 1.523608097763679
 -0.99729E+00  	 0.052209213360776441	 0.0003023046662658863	 1.5176239263087083
 -0.99880E+00  	 0.05226868784970197	 0.00030409193719411717	 1.5164190321538995
 -0.99970E+00  	 0.052255312307022246	 0.00030417918458700157	 1.5164567421546127
 -0.10000E+01	 0.052279993518513791	 0.0003042548743449427	 1.5164114251776413
