  0.10000E+01  	 -2.9754118848734419e-08	 2.470262194950313e-08	 1
  0.99970E+00  	 0.054244473481272773	 4.3861781427705372e-05	 4.4676841252192299
  0.99880E+00  	 0.21694422407629366	 0.00017542215242012457	 4.4678248682608999
  0.99729E+00  	 0.48798691757326457	 0.00039457751286648177	 4.4682133432073661
  0.99518E+00  	 0.86711284178335413	 0.00070095667810906128	 4.4691993171085764
  0.99248E+00  	 1.3536826150279055	 0.0010930983754623359	 4.4708684384985977
  0.98918E+00  	 1.9460936325477773	 0.0015663446971822413	 4.4729941147695813
  0.98528E+00  	 2.6406352876331183	 0.0021088033260299507	 4.4747612676548503
  0.98079E+00  	 3.4297387493703613	 0.0026961208420027837	 4.4748549454598754
  0.97570E+00  	 4.3000487819712907	 0.0032881710120640233	 4.4715957604163243
  0.97003E+00  	 5.231289089441681	 0.0038328048183383363	 4.464228205903888
  0.96378E+00  	 6.196973030453905	 0.0042830152682647154	 4.4636595962596264
  0.95694E+00  	 7.16726981273231	 0.004603300530912075	 4.4699342092257659
  0.94953E+00  	 8.1131929083017127	 0.004636640438686993	 4.2120783957000612
  0.94154E+00  	 9.0105722187062014	 0.0047344442006944229	 4.2961912431423412
  0.93299E+00  	 9.8425127840873579	 0.0047732612873190141	 4.418919675260085
  0.92388E+00  	 10.599914041896447	 0.0047893502540297768	 4.5732413473400646
  0.91421E+00  	 11.280461553127749	 0.0048626175947302265	 4.8566367530172005
  0.90399E+00  	 11.886850471702598	 0.0050294772983616566	 5.3267958882480109
  0.89322E+00  	 12.424914913149843	 0.0052243555209495456	 5.8599057477040262
  0.88192E+00  	 12.902060952241943	 0.0053973015625824929	 6.3607480985367681
  0.87009E+00  	 13.326142469194778	 0.0055395753722848207	 6.8250429008422389
  0.85773E+00  	 13.704724974810834	 0.00566080492371879	 7.2923727422131606
  0.84485E+00  	 14.044697950466572	 0.0061556260960521419	 8.8563150304208502
  0.83147E+00  	 14.352120305223238	 0.0060006261029495059	 8.7312089642269868
  0.81758E+00  	 14.632210407674226	 0.0058165166142902991	 8.5515789592115059
  0.80321E+00  	 14.88939098614693	 0.0056304668074922213	 8.3693645221533703
  0.78835E+00  	 15.127293362987828	 0.0054601432085296239	 8.2096669450901238
  0.77301E+00  	 15.348891020441762	 0.0053174570208046473	 8.0905610401222283
  0.75721E+00  	 15.556680128687937	 0.0052222250548913818	 8.0567286707885586
  0.74095E+00  	 15.75271565152307	 0.0051716406841026789	 8.0844831245337065
  0.72425E+00  	 15.938618604718034	 0.0051310728473196584	 8.063693568585089
  0.70711E+00  	 16.115642923909601	 0.0050983144194665366	 8.0030701223427076
  0.68954E+00  	 16.284733661388007	 0.0050880872259737794	 7.9651366386347648
  0.67156E+00  	 16.446630376828427	 0.0050921384980436779	 7.9604330861396182
  0.65317E+00  	 16.601991726583023	 0.0050965692378483205	 7.9865736657480406
  0.63439E+00  	 16.751367725378145	 0.005088065459377988	 8.0507599221642057
  0.61523E+00  	 16.89513028404313	 0.0050656559534497988	 8.1651066390109506
  0.59570E+00  	 17.033538477380297	 0.0050263507519716253	 8.2705655957759472
  0.57581E+00  	 17.166892917074531	 0.0049546043867117768	 8.2751761612501884
  0.55557E+00  	 17.29543135752181	 0.0048955880432213087	 8.3039165257327063
  0.53500E+00  	 17.41933327422306	 0.0048863612538159046	 8.4854244964952787
  0.51410E+00  	 17.538789564073866	 0.0049056531969971992	 8.7679920570791463
  0.49290E+00  	 17.653885753064635	 0.0049225181360625439	 9.0566948015465787
  0.47140E+00  	 17.764610370344457	 0.0049322467800559091	 9.348925064459241
  0.44961E+00  	 17.870943290746307	 0.0049342987895974822	 9.6136640913071556
  0.42756E+00  	 17.972879008478881	 0.0049120952272958124	 9.7420745528704717
  0.40524E+00  	 18.070364747499962	 0.0049105217989505049	 9.9090603794207173
  0.38268E+00  	 18.163285607284987	 0.0049367242252938842	 10.177155496420289
  0.35990E+00  	 18.251584620520234	 0.0050011857218920184	 10.612464463739341
  0.33689E+00  	 18.335227266831389	 0.0051307966776597521	 11.327846348818321
  0.31368E+00  	 18.414142660606341	 0.0062902303930045898	 17.000918027931856
  0.29028E+00  	 18.48814267058415	 0.0065309705671038271	 18.363395287582417
  0.26671E+00  	 18.557054339802054	 0.0067233388254691944	 19.358219589001276
  0.24298E+00  	 18.620732863564822	 0.0068434044615375096	 19.8788197100241
  0.21910E+00  	 18.679012029165129	 0.0057201276316126174	 13.911304271961571
  0.19509E+00  	 18.731712468030466	 0.005820135924102343	 14.142721886125445
  0.17096E+00  	 18.778686391026387	 0.0059172741470534676	 14.295681202900866
  0.14673E+00  	 18.819789219317123	 0.0059985850213129218	 14.29662673194283
  0.12241E+00  	 18.85486818094261	 0.0060427127261798936	 14.0751721334201
  0.98017E-01  	 18.88379722778755	 0.0056989643552486924	 12.187715917176813
  0.73565E-01  	 18.906490422741889	 0.0058216620315498539	 12.348971614019618
  0.49068E-01  	 18.922856775126068	 0.0059250129406136368	 12.462740897675186
  0.24541E-01  	 18.932749294354448	 0.0060367807590496732	 12.611725879041851
  0.61232E-16  	 18.936035505542918	 0.0061559407985318131	 12.776974126226893
 -0.24541E-01  	 18.932673442328277	 0.0062637709788283058	 12.903494268413164
 -0.49068E-01  	 18.922756035803655	 0.0063485650228958185	 12.978292813448167
 -0.73565E-01  	 18.906420700771545	 0.0064329434378727849	 13.129195411597507
 -0.98017E-01  	 18.883743219341646	 0.0065391718129204357	 13.448260725435716
 -0.12241E+00  	 18.854832047351703	 0.0066154524509886839	 13.727374150494098
 -0.14673E+00  	 18.819825840863416	 0.0066305257380322186	 13.834254763472307
 -0.17096E+00  	 18.778818186580562	 0.0073393039543704908	 16.935982446373984
 -0.19509E+00  	 18.731902696941692	 0.0073364492543198335	 17.054492369382377
 -0.21910E+00  	 18.679172725876697	 0.007218782241871149	 16.640130627424515
 -0.24298E+00  	 18.620774466346553	 0.0065370691119940863	 13.804438052369067
 -0.26671E+00  	 18.556924190688918	 0.0064644681985867505	 13.599440135024983
 -0.29028E+00  	 18.487786131370097	 0.0063343720365003006	 13.22030709667078
 -0.31368E+00  	 18.413566224663001	 0.0066006615085975606	 14.522282020787763
 -0.33689E+00  	 18.334521784091482	 0.0063785000686362404	 13.740615284127362
 -0.35990E+00  	 18.250850559281616	 0.006189537113685732	 13.026395796414683
 -0.38268E+00  	 18.162620594794131	 0.0060049030734935591	 12.288777821049871
 -0.40524E+00  	 18.069854265721695	 0.0058383376882589228	 11.613304897889227
 -0.42756E+00  	 17.972601668590837	 0.0057058809097713563	 11.08535448003555
 -0.44961E+00  	 17.870943473725482	 0.0056070893212518793	 10.691694409761638
 -0.47140E+00  	 17.764938317386775	 0.0083358144267790396	 22.906260585231884
 -0.49290E+00  	 17.654519823347322	 0.0083817930836325282	 23.065752989670887
 -0.51410E+00  	 17.539657162207494	 0.0084128430790769374	 23.148077131545449
 -0.53500E+00  	 17.42031052120862	 0.0084028909693600329	 23.088935442278455
 -0.55557E+00  	 17.296404220887439	 0.0076623045634564655	 19.358706675363806
 -0.57581E+00  	 17.167887995674043	 0.007588106219114414	 18.837928475429958
 -0.59570E+00  	 17.034593737024842	 0.0051456225616832172	 8.7012073815270803
 -0.61523E+00  	 16.896255399516257	 0.0051045899490181528	 8.3866484037460971
 -0.63439E+00  	 16.752596051369036	 0.0050984760456788741	 8.2217464618129164
 -0.65317E+00  	 16.603368007092595	 0.0051153061803364602	 8.1443099413704125
 -0.67156E+00  	 16.448142689823804	 0.005154304142121759	 8.1176720759307059
 -0.68954E+00  	 16.286404961533758	 0.005224131701478953	 8.157678640862791
 -0.70711E+00  	 16.117495435864797	 0.0053286553396381031	 8.2763698361929769
 -0.72425E+00  	 15.940530858606918	 0.0054496953804620968	 8.432200808312043
 -0.74095E+00  	 15.754522179892325	 0.0055713020535664622	 8.568271851891744
 -0.75721E+00  	 15.558299050572511	 0.0056708553934428198	 8.6189135874389198
 -0.77301E+00  	 15.350306677519061	 0.0057246966841077631	 8.5364664368818772
 -0.78835E+00  	 15.128513472221499	 0.005743635046886476	 8.3859201580354341
 -0.80321E+00  	 14.890407956687872	 0.0057297065728574136	 8.2057805587728208
 -0.81758E+00  	 14.632987737873538	 0.0056751518719581721	 7.9802100578452366
 -0.83147E+00  	 14.352674965766557	 0.0055927950600361551	 7.7341617021746556
 -0.84485E+00  	 14.045116433483729	 0.005497821932311249	 7.5115973298888905
 -0.85773E+00  	 13.70508600080718	 0.0049606313378039654	 6.1935874450574051
 -0.87009E+00  	 13.326462405931949	 0.0047166666822486313	 5.6504850989212203
 -0.88192E+00  	 12.902269541482317	 0.004472549968757851	 5.0654163473521425
 -0.89322E+00  	 12.424894827496322	 0.004253230414058215	 4.4674275200962938
 -0.90399E+00  	 11.886503410804695	 0.0043071640116202166	 4.3519129743763179
 -0.91421E+00  	 11.27971993162253	 0.0045525920262646565	 4.5316913898432842
 -0.92388E+00  	 10.598738078355478	 0.0048093640288906841	 4.6924848232506289
 -0.93299E+00  	 9.8409034942336557	 0.0050192622404791323	 4.7978128822356521
 -0.94154E+00  	 9.0085819751287062	 0.0051194750657611136	 4.8177956887575402
 -0.94953E+00  	 8.1109159663170658	 0.0047810520505700508	 4.2413639499266163
 -0.95694E+00  	 7.1648293047498042	 0.0046213361449910888	 4.234692170095907
 -0.96378E+00  	 6.1945110649087871	 0.0042916225408088076	 4.1909546296682754
 -0.97003E+00  	 5.2289518822853678	 0.0038187916196785626	 4.1287749595531436
 -0.97570E+00  	 4.2979614894836384	 0.0032536555819512015	 4.0673389760492089
 -0.98079E+00  	 3.4279835021490723	 0.0026537869678841435	 4.018798843099602
 -0.98528E+00  	 2.6392433222906964	 0.0020691082442202881	 3.9869965627160764
 -0.98918E+00  	 1.9450534472716674	 0.001534593638052247	 3.9696555823392083
 -0.99248E+00  	 1.3529553280495561	 0.0010704705966472527	 3.9620222218547414
 -0.99518E+00  	 0.86664641413062793	 0.00068644510209216886	 3.959423875175291
 -0.99729E+00  	 0.48772442014776313	 0.00038645116064256105	 3.9589422715443674
 -0.99880E+00  	 0.21682755887864105	 0.00017181617038382555	 3.9587909702719775
 -0.99970E+00  	 0.054215301503413832	 4.2962168395853983e-05	 3.9589722892889831
 -0.10000E+01	 -1.6768904036781382e-08	 2.4229675838562566e-08	 1
