  0.10000E+01  	 1.7832857544592533e-08	 1.1978434392480008e-10	 1.4932890563268959
  0.99970E+00  	 0.00045396056685280438	 1.1278599117066355e-06	 2.509980621834051
  0.99880E+00  	 0.0072615584759456384	 1.8041190066643019e-05	 2.5099423994802841
  0.99729E+00  	 0.036746010808421187	 9.1290106869756454e-05	 2.5101094140169447
  0.99518E+00  	 0.11601887764943024	 0.0002880574535046494	 2.5104354225178533
  0.99248E+00  	 0.28242872104843392	 0.00069954264632799822	 2.5113108488533791
  0.98918E+00  	 0.58122638178456476	 0.0014298812845051623	 2.512748423580089
  0.98528E+00  	 1.0588176922749095	 0.0025654079918451559	 2.5133571404793913
  0.98079E+00  	 1.749041018687598	 0.0041185178356595081	 2.5085858945573856
  0.97570E+00  	 2.6542043980666756	 0.0059717330369710589	 2.4916679561700366
  0.97003E+00  	 3.730299934552479	 0.0079486824158811753	 2.4999318523109149
  0.96378E+00  	 4.8886776911199563	 0.0097389931304406856	 2.4944810594924318
  0.95694E+00  	 6.0176897675452556	 0.011173100613226173	 2.4941605879727207
  0.94953E+00  	 7.0137208898989201	 0.012251867429010814	 2.5269357312975615
  0.94154E+00  	 7.8053714629536568	 0.013102446261968357	 2.6235905982420857
  0.93299E+00  	 8.3616790742611133	 0.013859102660980832	 2.8027147754256627
  0.92388E+00  	 8.6863805761512953	 0.01455955385490309	 3.0534379570428984
  0.91421E+00  	 8.8058257793275612	 0.015115225130454711	 3.3285973399063709
  0.90399E+00  	 8.7572744476382756	 0.015383901483030343	 3.5621892744021224
  0.89322E+00  	 8.5804620818341739	 0.015282211038859418	 3.7009091928678814
  0.88192E+00  	 8.3123465902686942	 0.014814732922958021	 3.7191742426083727
  0.87009E+00  	 7.9845393981977804	 0.014068757127541485	 3.6370305308156397
  0.85773E+00  	 7.6226671301513802	 0.013192504753141562	 3.5131624864606401
  0.84485E+00  	 7.2460263899622603	 0.012325970422547721	 3.397729316346124
  0.83147E+00  	 6.8680769549039127	 0.011522621438744725	 3.2917522535374104
  0.81758E+00  	 6.4978028753385972	 0.010740082790287261	 3.1616221859714
  0.80321E+00  	 6.1409793909432828	 0.009978089960135458	 3.0090514612618411
  0.78835E+00  	 5.801277153270707	 0.0085508844645427757	 2.4228449714422648
  0.77301E+00  	 5.4800611559566077	 0.0079888864274839013	 2.3040090787829111
  0.75721E+00  	 5.1774209708123022	 0.0075533075327427575	 2.2376741891872718
  0.74095E+00  	 4.8931385226974058	 0.007834417282757607	 2.5871982692116777
  0.72425E+00  	 4.6267248026383232	 0.0074878245499055279	 2.5191307355092856
  0.70711E+00  	 4.377123775185205	 0.0072046366924208988	 2.4861931568563351
  0.68954E+00  	 4.1428505370003164	 0.0070193959569701961	 2.5023156937044222
  0.67156E+00  	 3.9227852049612308	 0.0069243150307199105	 2.5586935538564717
  0.65317E+00  	 3.7159233838478758	 0.0068940285742586328	 2.6527658794753086
  0.63439E+00  	 3.520933679031252	 0.0069162641119196117	 2.7867447846878162
  0.61523E+00  	 3.337058553293466	 0.0069275465397258644	 2.9125514141567046
  0.59570E+00  	 3.1633905213567597	 0.0068803876678609965	 2.9683927180005312
  0.57581E+00  	 2.9988336305488503	 0.0067927767424283631	 2.9983026550355008
  0.55557E+00  	 2.8428666142288144	 0.0066662039994345923	 3.0662843404318716
  0.53500E+00  	 2.6946942415423809	 0.0064982582920349845	 3.1390752986627328
  0.51410E+00  	 2.553487564890077	 0.0063339381477494723	 3.2261163356095168
  0.49290E+00  	 2.4190944156418057	 0.006248856361239041	 3.3720704600089006
  0.47140E+00  	 2.2910640443371504	 0.006237650656026909	 3.58914193215197
  0.44961E+00  	 2.1688859050854692	 0.0061687610067571296	 3.7422194026994497
  0.42756E+00  	 2.05201251091338	 0.0061379812333280893	 3.9163373196776265
  0.40524E+00  	 1.9404056128911809	 0.0060088929855329591	 3.9487433379364751
  0.38268E+00  	 1.8340706643923923	 0.0057832139183083674	 3.8796382893418957
  0.35990E+00  	 1.7328497241699683	 0.005182542180548597	 3.3171084398724098
  0.33689E+00  	 1.6365330266413181	 0.0050859849687002155	 3.3688106930593946
  0.31368E+00  	 1.545031215831536	 0.0049325980502879941	 3.3542465492191651
  0.29028E+00  	 1.4586901387902635	 0.0047663069190811641	 3.3523999907168336
  0.26671E+00  	 1.3776099459487712	 0.0046350181794462585	 3.3972837599623622
  0.24298E+00  	 1.3020961604887145	 0.0045347937787349928	 3.4829244132452515
  0.21910E+00  	 1.2323760712978533	 0.0046102808050635276	 3.8368350498354196
  0.19509E+00  	 1.1686694555413637	 0.0045377697896589707	 3.9703487911015678
  0.17096E+00  	 1.1113900186452565	 0.0044068875121880801	 4.0077726251882746
  0.14673E+00  	 1.0610626067519748	 0.0042435170420289823	 3.9537992245692068
  0.12241E+00  	 1.0180834068404601	 0.0040818856603357257	 3.8834291822266889
  0.98017E-01  	 0.98256554439865007	 0.003930388337072226	 3.8345901833100755
  0.73565E-01  	 0.9545810182681973	 0.0038080593800908133	 3.8307968399185652
  0.49068E-01  	 0.9343414392123669	 0.0037194982040554066	 3.8802654370091769
  0.24541E-01  	 0.92205606197334855	 0.0036585658707350287	 3.946454206361107
  0.61232E-16  	 0.91785712003010111	 0.0034625682213575266	 3.655612060557031
 -0.24541E-01  	 0.92190659083482418	 0.0034478701774975436	 3.6548655577483977
 -0.49068E-01  	 0.93404192801267294	 0.0034421015291644878	 3.5935357604010014
 -0.73565E-01  	 0.95394859777950025	 0.0034427789636725108	 3.5341436973904203
 -0.98017E-01  	 0.98157283139843643	 0.0034277731300148967	 3.4731424907318331
 -0.12241E+00  	 1.0168803113721476	 0.0034026161765936774	 3.3881485968433931
 -0.14673E+00  	 1.0593544331749216	 0.0035200379972605091	 3.4982104187174343
 -0.17096E+00  	 1.1086448479884559	 0.0035425739168318186	 3.305595004433866
 -0.19509E+00  	 1.1645560812301878	 0.0036271627060687193	 3.1721912308870084
 -0.21910E+00  	 1.2268836841016404	 0.0037260998307160221	 3.0526576800746805
 -0.24298E+00  	 1.2955416564775042	 0.0038512677860270926	 2.9487953207255786
 -0.26671E+00  	 1.3701108572815188	 0.0040274888624128313	 2.9174034992213476
 -0.29028E+00  	 1.4504682691124902	 0.0042410805409178317	 2.9535202465217232
 -0.31368E+00  	 1.5365110181661732	 0.0047617650765021417	 3.4406093520823338
 -0.33689E+00  	 1.6278449425361652	 0.0049172462890331933	 3.4293900656959497
 -0.35990E+00  	 1.7239776820323656	 0.0050431826128471474	 3.3912824828181019
 -0.38268E+00  	 1.8249891901801976	 0.0051477855765861419	 3.3124397511904236
 -0.40524E+00  	 1.9313608493785781	 0.0052368649505206066	 3.2031435518169578
 -0.42756E+00  	 2.0430645548593231	 0.0052752967269732026	 3.0432130462594653
 -0.44961E+00  	 2.1600352547470032	 0.0053327877871843492	 2.9151992433176259
 -0.47140E+00  	 2.2821828001580959	 0.0054400210633600149	 2.8120646682848189
 -0.49290E+00  	 2.4100034015397545	 0.0055948797625585767	 2.7366154810927141
 -0.51410E+00  	 2.5441672564729094	 0.0057662079432279374	 2.6931934471881576
 -0.53500E+00  	 2.6853572531522039	 0.0059453625538416219	 2.6736297721069375
 -0.55557E+00  	 2.8340934878024844	 0.0061723727445492163	 2.6690863202924837
 -0.57581E+00  	 2.9905414453148031	 0.0064613406897089647	 2.6721582293743218
 -0.59570E+00  	 3.1555032974680342	 0.0067540305494266217	 2.667848363329679
 -0.61523E+00  	 3.329972781778872	 0.0070401815714129902	 2.6678907520128798
 -0.63439E+00  	 3.5149326253215234	 0.0073163216267363535	 2.69132727490766
 -0.65317E+00  	 3.7108645185506686	 0.0076344526641533164	 2.7707244020166497
 -0.67156E+00  	 3.9181967766189421	 0.0080177013079747554	 2.890203158010896
 -0.68954E+00  	 4.1380141635433327	 0.0077126429334687203	 2.5302455015756475
 -0.70711E+00  	 4.371760145646725	 0.0080253192788506244	 2.5815720414713299
 -0.72425E+00  	 4.6211158868319346	 0.0084068931700453237	 2.6721617472980341
 -0.74095E+00  	 4.8872663630043629	 0.0088848293976194325	 2.8123395636075941
 -0.75721E+00  	 5.1707452981780886	 0.0093893852625443978	 2.9573470450510255
 -0.77301E+00  	 5.4721638647580724	 0.010724400672794688	 3.6159464271116417
 -0.78835E+00  	 5.791928599169486	 0.011178711969460407	 3.6525528955881055
 -0.80321E+00  	 6.1299061933268213	 0.011679411435583962	 3.6784318844024186
 -0.81758E+00  	 6.4851498747242244	 0.012175169122852535	 3.6694687074397265
 -0.83147E+00  	 6.854558100575173	 0.013003366779197219	 3.8114938882929303
 -0.84485E+00  	 7.2323559330124381	 0.013779952174394471	 3.8739183075675196
 -0.85773E+00  	 7.6095178643161869	 0.013229940632015613	 3.2355993082063903
 -0.87009E+00  	 7.972754471518023	 0.013589841334058621	 3.1013212485301822
 -0.88192E+00  	 8.3032620021052868	 0.013876467480951032	 2.9521095879329335
 -0.89322E+00  	 8.5755878343007428	 0.014143154890674114	 2.8271150536847611
 -0.90399E+00  	 8.7574467059344396	 0.014274016118383021	 2.7024542754937402
 -0.91421E+00  	 8.8109343798853299	 0.014226079082732468	 2.5831864913314919
 -0.92388E+00  	 8.6954048740154324	 0.013946032126094188	 2.4630054087123612
 -0.93299E+00  	 8.3728691164243116	 0.013456549736672735	 2.3581816243612628
 -0.94154E+00  	 7.8166805894987155	 0.012778542535630655	 2.2790247409454314
 -0.94953E+00  	 7.0233879197287585	 0.011903703238080056	 2.2280300123270886
 -0.95694E+00  	 6.0246399073408474	 0.010779829979849231	 2.2012105155974813
 -0.96378E+00  	 4.8927031579259737	 0.0093484920983800922	 2.1901150657834796
 -0.97003E+00  	 3.7319685161921465	 0.0076276902322463128	 2.1861220954316227
 -0.97570E+00  	 2.6544596354836516	 0.0057603823590261748	 2.1832353539871634
 -0.98079E+00  	 1.7487311357437201	 0.0039751704570598276	 2.1787302098669432
 -0.98528E+00  	 1.0584472124317723	 0.0024820704137448039	 2.1727622958653061
 -0.98918E+00  	 0.58097435772760853	 0.0013868340826261633	 2.1670377991621637
 -0.99248E+00  	 0.28229854462255888	 0.00067962475578688629	 2.16306135788103
 -0.99518E+00  	 0.11596508237724512	 0.00028011285335823532	 2.1610384405308265
 -0.99729E+00  	 0.036729108402951863	 8.8806906906929183e-05	 2.1602506506654477
 -0.99880E+00  	 0.007258233562584677	 1.7553603517916292e-05	 2.1600720324665077
 -0.99970E+00  	 0.00045375335974626131	 1.0973671546036776e-06	 2.1599920847919085
 -0.10000E+01	 1.7866514172061834e-08	 1.140320732341972e-10	 1.2684666924604027
