  0.10000E+01  	 6.6611230118390212e-14	 3.7669522166306171e-15	 1
  0.99970E+00  	 9.0435316299174218e-07	 1.0571795023731891e-08	 1.4405321031447047
  0.99880E+00  	 0.00023138819057640612	 2.7052576449740009e-06	 1.4407577633142341
  0.99729E+00  	 0.0059215952145017254	 6.9235882955339225e-05	 1.442751741564422
  0.99518E+00  	 0.058846859891383017	 0.00068719576722353973	 1.4532832667584774
  0.99248E+00  	 0.34520055550362172	 0.0040090393109254094	 1.4883346063807286
  0.98918E+00  	 1.4266033952005741	 0.019550905916231473	 2.2318244827533689
  0.98528E+00  	 4.5196751186743924	 0.060917974572647679	 2.4644639738163803
  0.98079E+00  	 11.48195274657194	 0.12505964817426871	 1.9297652513207977
  0.97570E+00  	 24.098919991110947	 0.25138362813946274	 2.1696634322509345
  0.97003E+00  	 42.899919099633507	 0.42151203166672874	 2.4120111481317754
  0.96378E+00  	 66.528189419315908	 0.60197705353905584	 2.5962103807845081
  0.95694E+00  	 92.271370429102987	 0.75716212639583425	 2.7096208346866031
  0.94953E+00  	 117.14114895615829	 0.87736615018841924	 2.8057285555632276
  0.94154E+00  	 138.68666914201862	 0.97972015963774595	 2.9586543488391417
  0.93299E+00  	 155.29224728497499	 1.0766555602689827	 3.1828879058517363
  0.92388E+00  	 166.21247164437753	 1.1530285330790999	 3.3866830308382938
  0.91421E+00  	 171.49732348671162	 1.1858656593364068	 3.4753193640294398
  0.90399E+00  	 171.76088175184384	 1.1631857068022744	 3.3960647271644278
  0.89322E+00  	 167.92927176977236	 1.103234229228454	 3.2132184252239315
  0.88192E+00  	 161.0300295485477	 1.0296736957251071	 3.0156593886178733
  0.87009E+00  	 152.07987091248549	 0.95447637791481355	 2.8447987671083133
  0.85773E+00  	 141.95881899833699	 0.87840812520049594	 2.6853738045252884
  0.84485E+00  	 131.33254943780256	 0.80327434680962895	 2.5558345258193156
  0.83147E+00  	 120.6928074247577	 0.73797378661679847	 2.4881515110835206
  0.81758E+00  	 110.38205208559243	 0.67823479312245472	 2.4326177934649715
  0.80321E+00  	 100.60651436167295	 0.6236128025793366	 2.3783103920479718
  0.78835E+00  	 91.470232912080021	 0.57738896376487625	 2.3553105233431082
  0.77301E+00  	 83.03212775255021	 0.53482891562001111	 2.335057542873765
  0.75721E+00  	 75.330792264984652	 0.49286614655231398	 2.2647087978876721
  0.74095E+00  	 68.299649320073385	 0.44941837112210464	 2.1441685331741036
  0.72425E+00  	 61.914573509266425	 0.40782254872273715	 1.9782140579099319
  0.70711E+00  	 56.148097866771714	 0.37606404854053677	 1.8600445679609727
  0.68954E+00  	 50.922207989703942	 0.34656233991877061	 1.7627192699956273
  0.67156E+00  	 46.226069097206214	 0.32328161371307412	 1.7131492400250405
  0.65317E+00  	 42.021906745353519	 0.3076838611997334	 1.7531375262561542
  0.63439E+00  	 38.235384689361574	 0.30396254852914006	 1.8919194123140486
  0.61523E+00  	 34.823111396754292	 0.30276169947015991	 2.0293463438527182
  0.59570E+00  	 31.724335622387944	 0.29056239594911315	 1.9941845590684837
  0.57581E+00  	 28.914010518766208	 0.32998912127128199	 2.7626574877844865
  0.55557E+00  	 26.380236876088549	 0.31754933850876127	 2.868205164458201
  0.53500E+00  	 24.05458691149077	 0.29474715143597524	 2.8678535595960639
  0.51410E+00  	 21.917309563882966	 0.26160576551960329	 2.7181298441285731
  0.49290E+00  	 19.964373661499252	 0.22826144453162162	 2.5216480593143151
  0.47140E+00  	 18.191177682406121	 0.19846643107493459	 2.3193623181908052
  0.44961E+00  	 16.545725407947103	 0.15892752664803411	 1.8012279845462789
  0.42756E+00  	 15.02906869202158	 0.15886736966514564	 2.0409579621162877
  0.40524E+00  	 13.655311123782258	 0.15812488114784212	 2.2747298319735192
  0.38268E+00  	 12.403146273989924	 0.15132730280565315	 2.3261696152813842
  0.35990E+00  	 11.257204480892408	 0.13448659155498985	 2.1573777760091555
  0.33689E+00  	 10.20794230204501	 0.12204409681454109	 2.0525300458990849
  0.31368E+00  	 9.2459238311679108	 0.11157016113250352	 2.0170394102439957
  0.29028E+00  	 8.3611624103650701	 0.099623067105771512	 1.98826917883022
  0.26671E+00  	 7.5424746631877442	 0.091557627515787179	 2.0345063945684996
  0.24298E+00  	 6.8061970550883926	 0.087009865954437285	 2.1547129002003893
  0.21910E+00  	 6.1537796392899731	 0.083340255893456949	 2.250634793657976
  0.19509E+00  	 5.5644457579341946	 0.078614426825044284	 2.3237557563350983
  0.17096E+00  	 5.0339224409857639	 0.072497941043477523	 2.2887184580781752
  0.14673E+00  	 4.5773733406437245	 0.064357578660708209	 2.0759096714990033
  0.12241E+00  	 4.1873914641929177	 0.058334900040061387	 1.9001082823722395
  0.98017E-01  	 3.8634755482255629	 0.054336580907203544	 1.8417673958097676
  0.73565E-01  	 3.608080056523558	 0.052148957761791639	 1.8727108720000833
  0.49068E-01  	 3.4278111852470654	 0.050476479156354344	 1.9372038918963097
  0.24541E-01  	 3.3247837363182295	 0.050112210072895472	 2.1106925607367644
  0.61232E-16  	 3.2857554782283582	 0.051446603381628757	 2.3457679590752942
 -0.24541E-01  	 3.3179386085907971	 0.053617762103989407	 2.5842993803421588
 -0.49068E-01  	 3.4261809898981879	 0.05471592425697025	 2.5479120386708547
 -0.73565E-01  	 3.6048832795463421	 0.055981046651217184	 2.3025535214368804
 -0.98017E-01  	 3.8469690103601732	 0.057999544082349405	 2.128098551390774
 -0.12241E+00  	 4.1562135685764412	 0.059110400725128735	 1.9304671922722687
 -0.14673E+00  	 4.5304433414232808	 0.061160892886687308	 1.7999767279986694
 -0.17096E+00  	 4.9746115418987396	 0.066356886147373784	 1.789194077274711
 -0.19509E+00  	 5.4864783558571961	 0.07403509815635502	 1.8371852785913447
 -0.21910E+00  	 6.0551446968077416	 0.082684823363502219	 1.9174974253115287
 -0.24298E+00  	 6.7081317819596418	 0.089789388368537587	 1.9892448709405455
 -0.26671E+00  	 7.4407801258418296	 0.09395744652900169	 2.0238491545046426
 -0.29028E+00  	 8.2447759713308546	 0.096369466711586943	 2.0321152577941959
 -0.31368E+00  	 9.1306755643902964	 0.1008293372511916	 1.9868368576310838
 -0.33689E+00  	 10.085328473294062	 0.10333807372543247	 1.8293448472367231
 -0.35990E+00  	 11.122289737085879	 0.10959569182414682	 1.7950952609459969
 -0.38268E+00  	 12.248702862954573	 0.11543109753973647	 1.8005868683715014
 -0.40524E+00  	 13.479439598175521	 0.11645011152981752	 1.7126621029009668
 -0.42756E+00  	 14.815503007186546	 0.11616143593300857	 1.5503618293259778
 -0.44961E+00  	 16.266237129204242	 0.12242364695771861	 1.4985769895755587
 -0.47140E+00  	 17.864645125295301	 0.12951895097910565	 1.4341992101292267
 -0.49290E+00  	 19.619956748265629	 0.11858938364054561	 1
 -0.51410E+00  	 21.539519014744592	 0.13071076435344928	 1
 -0.53500E+00  	 23.652144595665536	 0.14029304920216157	 1
 -0.55557E+00  	 25.99059353233466	 0.15034638398384192	 1
 -0.57581E+00  	 28.55081421255219	 0.1625766654974159	 1
 -0.59570E+00  	 31.368573160246946	 0.17654739208365341	 1
 -0.61523E+00  	 34.477008279473459	 0.19005727715759038	 1
 -0.63439E+00  	 37.944035394101583	 0.20381767692165173	 1
 -0.65317E+00  	 41.782281880703415	 0.21653761891276943	 1
 -0.67156E+00  	 46.015896956153149	 0.27358405075589515	 1.4444028422191109
 -0.68954E+00  	 50.691046445096589	 0.30197574300680718	 1.5701367531204602
 -0.70711E+00  	 55.847701334527265	 0.34449491245599412	 1.7784507910459035
 -0.72425E+00  	 61.539132743712855	 0.40531923654708091	 2.091795734882623
 -0.74095E+00  	 67.838565013428664	 0.47090328660181785	 2.3930510485623127
 -0.75721E+00  	 74.804994349590416	 0.5402392020758866	 2.681251418808924
 -0.77301E+00  	 82.469159621931723	 0.60516966549602513	 2.9059861664311311
 -0.78835E+00  	 90.872809336450473	 0.67366317133401232	 3.0987551081697595
 -0.80321E+00  	 100.00563460339941	 0.75329673691594679	 3.3279514031419266
 -0.81758E+00  	 109.83454264668831	 0.8282338794200419	 3.4784508129431591
 -0.83147E+00  	 120.23280794128492	 0.9113899610481967	 3.6588643682151605
 -0.84485E+00  	 130.98770504074832	 1.0045840560166048	 3.8554813737024078
 -0.85773E+00  	 141.80462666842399	 1.0957871440952835	 4.0121244193367716
 -0.87009E+00  	 152.18511469357193	 0.98536831030623528	 2.8924645276387424
 -0.88192E+00  	 161.42679795524745	 1.0362314281968419	 2.8489264841732234
 -0.89322E+00  	 168.64670946635763	 1.1007358861281096	 2.8935658457076747
 -0.90399E+00  	 172.82887485970662	 1.1348381331954502	 2.8640260412659115
 -0.91421E+00  	 172.90544873050038	 1.1382293731125062	 2.8082348539219155
 -0.92388E+00  	 167.8695382516629	 1.329934348486866	 3.9005235330062415
 -0.93299E+00  	 157.05385481344098	 1.2683594639518516	 3.8951955595281875
 -0.94154E+00  	 140.3918645855567	 1.1405424973236471	 3.6877871106038365
 -0.94953E+00  	 118.60275887203568	 0.9483713673108799	 3.1843846454511633
 -0.95694E+00  	 93.325330743311554	 0.64299956479118803	 2.0063995400618815
 -0.96378E+00  	 67.127963968092288	 0.48701592208489319	 1.7979179432232029
 -0.97003E+00  	 43.141582858746226	 0.33755013635152026	 1.6701288161552015
 -0.97570E+00  	 24.149440800992142	 0.20538579664797113	 1.5984979159930299
 -0.98079E+00  	 11.470105503638514	 0.10486105600117049	 1.53738842779118
 -0.98528E+00  	 4.5033096526854717	 0.043526431935511971	 1.4665704446608754
 -0.98918E+00  	 1.4186458665624169	 0.012034323788140351	 1
 -0.99248E+00  	 0.34285352940282671	 0.0030258459400684706	 1
 -0.99518E+00  	 0.058410989762863331	 0.00052461110217802518	 1
 -0.99729E+00  	 0.005876311791675296	 5.3045487877431533e-05	 1
 -0.99880E+00  	 0.000229600660816908	 2.0739733664627872e-06	 1
 -0.99970E+00  	 8.9735565321816736e-07	 8.105810399813349e-09	 1
 -0.10000E+01	 7.499500564340791e-14	 6.7028322502787871e-15	 1
