  0.10000E+01  	 0.052372284491247187	 0.00061214918118783967	 1.4400823314203752
  0.99970E+00  	 0.052350396989969704	 0.00061199695124938239	 1.44059803673885
  0.99880E+00  	 0.052363351699281344	 0.0006123242174088505	 1.4411054525476008
  0.99729E+00  	 0.052302660051171006	 0.00061165774828788417	 1.4485091909328558
  0.99518E+00  	 0.05177114664119252	 0.00060350983911374595	 1.4857911534319419
  0.99248E+00  	 0.049983467143760188	 0.00069280212484021657	 2.2881317381122228
  0.98918E+00  	 0.046218262268912867	 0.00063219953401125249	 2.6049325043400953
  0.98528E+00  	 0.040661764559443744	 0.00044890559864734734	 2.0778119249958116
  0.98079E+00  	 0.034475517947250463	 0.0003573189914922663	 2.3292072683384411
  0.97570E+00  	 0.029054367166979955	 0.00027186340533877834	 2.463859879650411
  0.97003E+00  	 0.025360289513422358	 0.00022453063795403483	 2.6574815796399229
  0.96378E+00  	 0.023675316886568123	 0.00021485727886833198	 2.9497388996932896
  0.95694E+00  	 0.023703459033266823	 0.00022692518401783474	 3.1359713494354633
  0.94953E+00  	 0.02460977560378301	 0.00024061038771553469	 3.2820742620981216
  0.94154E+00  	 0.025666074877605971	 0.00023878512396717326	 3.2636874258802022
  0.93299E+00  	 0.026520310087462824	 0.00023491068134180555	 3.2539173075338952
  0.92388E+00  	 0.026997775961019061	 0.00022461955704026492	 3.0744005349544454
  0.91421E+00  	 0.027087329436406474	 0.00021210781154714961	 3.0070200296884457
  0.90399E+00  	 0.026745867060211547	 0.0001966278797335432	 2.8110481394237814
  0.89322E+00  	 0.025979715729290372	 0.00018960841281173384	 2.7551124969829242
  0.88192E+00  	 0.024747931134609564	 0.00016808001600470538	 2.41880306226094
  0.87009E+00  	 0.023195636204311941	 0.00014802160179836884	 2.213412495189325
  0.85773E+00  	 0.021342678387967298	 0.00012746960813645052	 2.0485745869483178
  0.84485E+00  	 0.019341483701627516	 0.00011023362131412542	 2.0162322444192258
  0.83147E+00  	 0.017329876732561911	 9.8808833297749278e-05	 1.8964357052188434
  0.81758E+00  	 0.015314437056332885	 8.4968916988457582e-05	 1.8534384091317129
  0.80321E+00  	 0.013452618371509278	 7.4422711588453472e-05	 1.9840462557000387
  0.78835E+00  	 0.011695622768196898	 6.689344874589782e-05	 1.8355231400861123
  0.77301E+00  	 0.010136429819052219	 5.6904744096693518e-05	 1.6288233546797419
  0.75721E+00  	 0.0087646612020372099	 5.1168402991427746e-05	 1.5928017399505325
  0.74095E+00  	 0.0075607949882136793	 4.4303699991245814e-05	 1.5501242255677714
  0.72425E+00  	 0.0065325173655359052	 3.684557443740236e-05	 1.4169545265575043
  0.70711E+00  	 0.0056127186304584433	 2.6736275434820896e-05	 1
  0.68954E+00  	 0.0048231450298653064	 2.9827367149707959e-05	 1.5515339122980878
  0.67156E+00  	 0.0041492692699612779	 2.535130990294915e-05	 1.4124916572072446
  0.65317E+00  	 0.0035564508007922273	 1.9355357796795755e-05	 1
  0.63439E+00  	 0.0030646557629343059	 1.821479818231103e-05	 1
  0.61523E+00  	 0.0026345541309028562	 1.758206960669917e-05	 1
  0.59570E+00  	 0.0022726464268235619	 1.6729707605681842e-05	 1
  0.57581E+00  	 0.0019640180937214296	 1.8089728008506912e-05	 1.4421612882168129
  0.55557E+00  	 0.0016976601733894759	 2.1208171203036781e-05	 2.3130934675770121
  0.53500E+00  	 0.0014711739723977512	 1.6144888245766219e-05	 1.6304168691888619
  0.51410E+00  	 0.0012779596311917186	 1.4446635018946027e-05	 1.4180832853127452
  0.49290E+00  	 0.0011155627473968983	 1.0668006047893642e-05	 1
  0.47140E+00  	 0.00096726262901148351	 1.1534149213954992e-05	 1.4295392542100658
  0.44961E+00  	 0.00083935434601421636	 1.2622050353706338e-05	 2.2740364130975199
  0.42756E+00  	 0.00073261390045505266	 8.7877622173026809e-06	 1.4429336190701294
  0.40524E+00  	 0.00062825027666003929	 7.7658471347800567e-06	 1.5839752432013006
  0.38268E+00  	 0.0005462178318014632	 7.8536921235317649e-06	 1.7371664770842323
  0.35990E+00  	 0.00047526995340656112	 6.7839454464769264e-06	 1.7382864503973652
  0.33689E+00  	 0.00041388399780013292	 5.9249984043574908e-06	 1.7691504363423096
  0.31368E+00  	 0.00035874163555743479	 5.2556092705720396e-06	 1.6485649680837102
  0.29028E+00  	 0.00030924572337084558	 4.5347026755262603e-06	 1.6582997356568259
  0.26671E+00  	 0.00027146170001762212	 3.9994530169437034e-06	 1.5599962649245587
  0.24298E+00  	 0.00023733689428667178	 3.0399279187723235e-06	 1
  0.21910E+00  	 0.00020721534782590969	 2.5092231087365312e-06	 1
  0.19509E+00  	 0.00018274934993788079	 2.2601485668906687e-06	 1
  0.17096E+00  	 0.00016187548681729694	 2.021427858091537e-06	 1
  0.14673E+00  	 0.00014367763893480766	 1.6987770552078791e-06	 1
  0.12241E+00  	 0.00012926564253584136	 1.5220961903648501e-06	 1
  0.98017E-01  	 0.00011751035615747472	 1.4275110815623606e-06	 1
  0.73565E-01  	 0.00010924875250944883	 1.3088803255802281e-06	 1
  0.49068E-01  	 0.00010341991234942555	 1.2996207427281102e-06	 1
  0.24541E-01  	 9.9352129791722637e-05	 1.3202348219512119e-06	 1
  0.61232E-16  	 9.7931517062398832e-05	 1.1778118870187654e-06	 1
 -0.24541E-01  	 9.8194546490953323e-05	 1.2002307747238354e-06	 1
 -0.49068E-01  	 0.00010198634598889336	 1.3067779651031679e-06	 1
 -0.73565E-01  	 0.00010810229446009917	 1.4446474593654066e-06	 1
 -0.98017E-01  	 0.00011807423654501916	 1.6100386632439506e-06	 1
 -0.12241E+00  	 0.00012942955576792308	 1.6854657712133742e-06	 1
 -0.14673E+00  	 0.00014454990546194045	 1.8408566381306879e-06	 1
 -0.17096E+00  	 0.00016255974274159818	 2.1637002053283307e-06	 1
 -0.19509E+00  	 0.00018434993624045741	 2.9340046310000955e-06	 1.4523770432938523
 -0.21910E+00  	 0.00021366124152317039	 4.6839992691692899e-06	 2.4425655006168308
 -0.24298E+00  	 0.00024295824839476506	 4.8739709497588736e-06	 2.5840395266532097
 -0.26671E+00  	 0.0002783573837348498	 3.7436179205223388e-06	 1.4438308208491555
 -0.29028E+00  	 0.00032103668119821727	 3.451420762750305e-06	 1
 -0.31368E+00  	 0.00036602752260208509	 4.9539417928627235e-06	 1.6091320044486768
 -0.33689E+00  	 0.0004185837670979554	 4.042322386185097e-06	 1.4227352894121976
 -0.35990E+00  	 0.00047951330833867468	 3.7168849743076863e-06	 1
 -0.38268E+00  	 0.0005531482405085091	 4.5862157672909621e-06	 1
 -0.40524E+00  	 0.00063552101313209069	 5.1872702374738063e-06	 1
 -0.42756E+00  	 0.00072849580271556254	 5.8522758423003004e-06	 1
 -0.44961E+00  	 0.00084337670491475033	 6.9157659561304614e-06	 1
 -0.47140E+00  	 0.00097009899290788815	 7.704867561199207e-06	 1
 -0.49290E+00  	 0.0011209118335574928	 1.0757944009409875e-05	 1.4183242370046829
 -0.51410E+00  	 0.0012894877123771785	 9.584295665518256e-06	 1
 -0.53500E+00  	 0.0014914627604570641	 1.1346201181574668e-05	 1
 -0.55557E+00  	 0.0017160709773042381	 1.3097889494698082e-05	 1
 -0.57581E+00  	 0.0019824290536307773	 1.5370109515656469e-05	 1
 -0.59570E+00  	 0.0022955243227219418	 1.6205729085333246e-05	 1
 -0.61523E+00  	 0.0026579707770551355	 1.8141486843448752e-05	 1
 -0.63439E+00  	 0.0030811078032777013	 1.9856241956810975e-05	 1
 -0.65317E+00  	 0.0035700892940662759	 3.7918059627248036e-05	 2.790831828794889
 -0.67156E+00  	 0.0041465789011035144	 2.4926466002935873e-05	 1
 -0.68954E+00  	 0.0048078633140519441	 3.424449029143208e-05	 1.4850195698560802
 -0.70711E+00  	 0.0055803357315724915	 8.0723618345850495e-05	 6.1282000003119403
 -0.72425E+00  	 0.0064720226554871377	 8.7746097068652944e-05	 5.2899529563421952
 -0.74095E+00  	 0.0074980544241068682	 5.4986560007785693e-05	 1.7853687843671311
 -0.75721E+00  	 0.008684986697549758	 6.0527493384872127e-05	 1.8629448399679622
 -0.77301E+00  	 0.010065204638410876	 6.7536465791585571e-05	 1.8495720758645946
 -0.78835E+00  	 0.01164872123705518	 7.5105840110588904e-05	 1.891240671654832
 -0.80321E+00  	 0.013372180819566279	 7.7743168683818342e-05	 1.6526454538244233
 -0.81758E+00  	 0.015255808196879618	 8.012826211039444e-05	 1.5326295334568751
 -0.83147E+00  	 0.017272036776698536	 8.9389280994097139e-05	 1.6083058817591473
 -0.84485E+00  	 0.019350340978607865	 0.00010625629357848945	 1.6880657099868668
 -0.85773E+00  	 0.021407534853156635	 0.00013158876713309175	 1.9863846023946921
 -0.87009E+00  	 0.023277656349518235	 0.00015468652465667546	 2.2614339632884644
 -0.88192E+00  	 0.024872526803146944	 0.00017795701964424651	 2.4699657838192408
 -0.89322E+00  	 0.026108315710386611	 0.00019833116386541993	 2.6422097359591419
 -0.90399E+00  	 0.026893399399168742	 0.00022117565477231555	 3.0141337000705994
 -0.91421E+00  	 0.027228536840360692	 0.0002215319099986569	 2.8592350593194409
 -0.92388E+00  	 0.027126943974659676	 0.00023606129662097908	 3.0462928994525003
 -0.93299E+00  	 0.026632038393571575	 0.00024078760893019667	 3.0692573150753293
 -0.94154E+00  	 0.025806154287895896	 0.00024067132315966103	 3.0229744893961445
 -0.94953E+00  	 0.024711070641084791	 0.00025435189771599084	 3.3830393765125542
 -0.95694E+00  	 0.023787714561213733	 0.00025812655249719932	 3.6246186045550131
 -0.96378E+00  	 0.02382637165896723	 0.00025609559941887681	 3.5102795932694129
 -0.97003E+00  	 0.025551874676417015	 0.00025219144124436805	 2.9376732366980578
 -0.97570E+00  	 0.029267066386459793	 0.0002356412885330269	 1.8194344345033688
 -0.98079E+00  	 0.034639763577301579	 0.00028627313968842779	 1.6163829952694391
 -0.98528E+00  	 0.040715850391584554	 0.00035581146721728893	 1.4990980922976904
 -0.98918E+00  	 0.04612294692258187	 0.00043298636927093588	 1.4478298638880889
 -0.99248E+00  	 0.049738661145475087	 0.00041976516401036654	 1
 -0.99518E+00  	 0.0514257053347262	 0.00045554284760952431	 1
 -0.99729E+00  	 0.051912668337322374	 0.0004676148736446933	 1
 -0.99880E+00  	 0.051960857067943469	 0.00046941259775537617	 1
 -0.99970E+00  	 0.051945323670293024	 0.00046921225569516658	 1
 -0.10000E+01	 0.051969972315380975	 0.00046967422293632343	 1
