  0.10000E+01  	 -0.15406165447559314	 0.00094848858887425051	 3.0390786951115198
  0.99970E+00  	 -0.15401692652655191	 0.00094832459537973462	 3.0350701795106803
  0.99880E+00  	 -0.15407259113266222	 0.00094851685587881427	 3.0350906657882315
  0.99729E+00  	 -0.15424436166609642	 0.00094902196961735893	 3.0334743384126086
  0.99518E+00  	 -0.15447938852182072	 0.00094850148075286214	 3.0366318101041685
  0.99248E+00  	 -0.15447073412505835	 0.00094306383030470439	 3.0534217893833095
  0.98918E+00  	 -0.15358273323442317	 0.0009232589349568121	 3.0983967559977001
  0.98528E+00  	 -0.15100855863944046	 0.00087445795771969102	 3.1601562177009646
  0.98079E+00  	 -0.14637118604034077	 0.00078771956763258101	 3.2023095794462924
  0.97570E+00  	 -0.14047452781713404	 0.00068021035325339073	 3.2030652919741924
  0.97003E+00  	 -0.13525164646896465	 0.00059750771003823312	 3.2606610520449704
  0.96378E+00  	 -0.13253523553803737	 0.00056901805356984509	 3.4278993236292941
  0.95694E+00  	 -0.13274502479401107	 0.0005712728189966093	 3.5377260671183062
  0.94953E+00  	 -0.1347757885042459	 0.00057505787101065891	 3.5772762762687322
  0.94154E+00  	 -0.13691042976009715	 0.00056771431861959466	 3.6394839469044213
  0.93299E+00  	 -0.13779136872035111	 0.00053863664657892419	 3.6475049859161754
  0.92388E+00  	 -0.13678531762201765	 0.00049587381083396375	 3.5772563321311148
  0.91421E+00  	 -0.13386521940663035	 0.00045453942205864547	 3.4904945503840881
  0.90399E+00  	 -0.12937291451733102	 0.00042065822930561759	 3.4038761782330336
  0.89322E+00  	 -0.12373581962978762	 0.0003897299468835624	 3.1979060325461872
  0.88192E+00  	 -0.11734073344132848	 0.00036189148943258499	 2.9455800012932771
  0.87009E+00  	 -0.11051021828472449	 0.00033471669634779636	 2.7765244134860927
  0.85773E+00  	 -0.10345102627449052	 0.00030176154604759793	 2.5806492259562268
  0.84485E+00  	 -0.096386116410904138	 0.00027418339464328105	 2.4601459652643998
  0.83147E+00  	 -0.089508632915845668	 0.00025048116259633488	 2.3294645616399809
  0.81758E+00  	 -0.082891276314870532	 0.00023462096629536073	 2.3247607545191964
  0.80321E+00  	 -0.076608770751611474	 0.00020856331247018841	 2.1113885081264723
  0.78835E+00  	 -0.070659995678571397	 0.00020793318328595861	 2.3055401137725013
  0.77301E+00  	 -0.065096947727704163	 0.0002877844054475859	 4.7709334008710123
  0.75721E+00  	 -0.059957173904262258	 0.00027691629734643891	 4.8384864866684403
  0.74095E+00  	 -0.055222021066161059	 0.00026445519066313657	 4.7478660346238861
  0.72425E+00  	 -0.050869774597293957	 0.00020024583792121163	 3.0580884012635998
  0.70711E+00  	 -0.046827127071722006	 0.00019765075308133778	 3.2798853012066718
  0.68954E+00  	 -0.043112558669396631	 0.00023113652996434292	 4.7914511638999304
  0.67156E+00  	 -0.039686792468701292	 0.00017115700438672212	 2.9554685217819601
  0.65317E+00  	 -0.036537265169281012	 0.00013688303174554339	 1.9490607419634356
  0.63439E+00  	 -0.033656447557019985	 0.00013528914755199997	 1.9576289853235485
  0.61523E+00  	 -0.031006269024371556	 0.00013182136814327179	 1.9114938159472497
  0.59570E+00  	 -0.028586255394469171	 0.00013314521162528626	 2.0207817357792246
  0.57581E+00  	 -0.026377178583814179	 0.00013569238425034468	 2.2244891458501037
  0.55557E+00  	 -0.02433119488204465	 0.00015400162937512457	 3.0587159962616917
  0.53500E+00  	 -0.022460244514520566	 0.00014711386601620505	 3.0328358204908445
  0.51410E+00  	 -0.020752768285809648	 0.00012593012062893052	 2.3567090425976169
  0.49290E+00  	 -0.01917107971881259	 0.0001202036233306721	 2.4599786374839474
  0.47140E+00  	 -0.017700266426283948	 0.00011228370177952776	 2.5457136648417213
  0.44961E+00  	 -0.016341193957327527	 0.00011593786903017021	 3.1640819055426372
  0.42756E+00  	 -0.015080497914137526	 0.00010314378252538283	 2.9070914963173085
  0.40524E+00  	 -0.013886847623056576	 9.3317895862187223e-05	 2.7934854790278183
  0.38268E+00  	 -0.012811304162104572	 9.1360738259358952e-05	 3.0027277389874669
  0.35990E+00  	 -0.011839433561437617	 9.0432236657809591e-05	 3.3026186839590777
  0.33689E+00  	 -0.010942722811487669	 8.1451104568194737e-05	 3.1538006429471555
  0.31368E+00  	 -0.010103919406337206	 7.3377969670961309e-05	 2.8539127050794586
  0.29028E+00  	 -0.0093373627633422576	 6.7911552971687043e-05	 2.7331513180993707
  0.26671E+00  	 -0.0086587754286855667	 6.1330045053053259e-05	 2.6682341808947942
  0.24298E+00  	 -0.0080519384906473004	 5.4413216159497083e-05	 2.4567543082951384
  0.21910E+00  	 -0.0074923369862437052	 4.6738869439310449e-05	 2.2277048524389693
  0.19509E+00  	 -0.0069999271647201112	 4.4607652572498753e-05	 2.3864682757080447
  0.17096E+00  	 -0.0065733733966038162	 4.4737235620457134e-05	 2.6438184650907761
  0.14673E+00  	 -0.0062020956324111013	 4.0527842793081045e-05	 2.6428489774856776
  0.12241E+00  	 -0.0058922419827988452	 3.7691979377163687e-05	 2.5943157531016308
  0.98017E-01  	 -0.0056412198151858132	 3.6569876787655312e-05	 2.4421811157460049
  0.73565E-01  	 -0.0054514381743212235	 3.4199933278950672e-05	 2.1934654933954438
  0.49068E-01  	 -0.0053151011830004074	 3.3588840781767062e-05	 2.2327731517884462
  0.24541E-01  	 -0.0052287967674911626	 3.1995794788734156e-05	 2.2615870343585613
  0.61232E-16  	 -0.0052044506391254802	 3.0356748042264926e-05	 2.1779738648529952
 -0.24541E-01  	 -0.0052321413028219967	 4.1107177927997719e-05	 3.7424564723893767
 -0.49068E-01  	 -0.0053174809753028345	 3.1534647332099294e-05	 2.1036324968642619
 -0.73565E-01  	 -0.0054677052352112964	 3.0828009612982845e-05	 1.9019557573595258
 -0.98017E-01  	 -0.0056829183944273635	 3.0734558502164696e-05	 1.8512541094301254
 -0.12241E+00  	 -0.0059471819194722008	 3.2178252134044657e-05	 1.9065647028966757
 -0.14673E+00  	 -0.0062646470000000502	 3.5320043211990735e-05	 1.95879210126202
 -0.17096E+00  	 -0.0066401088032325755	 3.925962234425752e-05	 2.1019396117166602
 -0.19509E+00  	 -0.0070732368724694648	 4.3619685096805333e-05	 2.269172716750675
 -0.21910E+00  	 -0.0075863049596096473	 4.782630512394339e-05	 2.2978401393469845
 -0.24298E+00  	 -0.0081425574758110502	 4.9447854908302851e-05	 2.2394244911064187
 -0.26671E+00  	 -0.0087657870802967629	 5.1087585891408449e-05	 2.1982615866452577
 -0.29028E+00  	 -0.0094589422267596819	 5.1214782105923896e-05	 2.112371991282525
 -0.31368E+00  	 -0.010212730032956847	 5.0992138193319088e-05	 2.0402835602711797
 -0.33689E+00  	 -0.011048156889377001	 4.9356025975371911e-05	 1.9955400146168556
 -0.35990E+00  	 -0.011948834191961629	 5.0750204951027239e-05	 2.0401050672582328
 -0.38268E+00  	 -0.01293674376021099	 5.5388442844735511e-05	 2.1265739782724005
 -0.40524E+00  	 -0.014003696552751781	 5.943035764007211e-05	 2.104264184157171
 -0.42756E+00  	 -0.01515748855166719	 6.7771420876175625e-05	 2.1210703551482011
 -0.44961E+00  	 -0.016416333666813904	 6.8745316718385235e-05	 1.8569386066614235
 -0.47140E+00  	 -0.017777590862569984	 7.3600335470035824e-05	 1.8713432958441272
 -0.49290E+00  	 -0.019261171063600122	 9.8473168792275259e-05	 2.9061483413745379
 -0.51410E+00  	 -0.020859045024634024	 0.00010577872858234765	 2.9704790775923557
 -0.53500E+00  	 -0.022592296210557521	 0.00011487359171896295	 2.9265113150455924
 -0.55557E+00  	 -0.024472568152275338	 0.00010638096189760357	 2.0725068527102426
 -0.57581E+00  	 -0.026522410868589068	 0.00011638448155183769	 2.1485157023625971
 -0.59570E+00  	 -0.028743571819281739	 0.00012277979929282848	 2.2153909454095873
 -0.61523E+00  	 -0.031159649758748541	 0.00012897600004463231	 2.1829967015004836
 -0.63439E+00  	 -0.033774206016429185	 0.00013623431146452173	 2.1027350502202293
 -0.65317E+00  	 -0.036610460963653779	 0.00020476711087283092	 3.9724135447537243
 -0.67156E+00  	 -0.039708003872293687	 0.00021823452898778151	 3.9997596934078201
 -0.68954E+00  	 -0.043069950569123536	 0.0002413680789844899	 4.2110012094464206
 -0.70711E+00  	 -0.046728080412084726	 0.00025745190735399886	 4.1241349562652401
 -0.72425E+00  	 -0.05069397079144284	 0.00024333659938727663	 3.0917166250290302
 -0.74095E+00  	 -0.055011829032351217	 0.00023955511175725486	 2.6433241994815266
 -0.75721E+00  	 -0.059712275348237046	 0.0002501605078918317	 2.7054206681020938
 -0.77301E+00  	 -0.064861716124525931	 0.00026348184217798597	 2.7349071771945503
 -0.78835E+00  	 -0.070435496848781143	 0.00027307699053002234	 2.7028751823025892
 -0.80321E+00  	 -0.076393043873430475	 0.00026574572512585325	 2.4833177636629422
 -0.81758E+00  	 -0.082731677829019981	 0.00026022235503837051	 2.3910299710075402
 -0.83147E+00  	 -0.089422773451635879	 0.00027594370410620602	 2.4871090494411345
 -0.84485E+00  	 -0.096396056756819587	 0.00030827981768422389	 2.7016698519835205
 -0.85773E+00  	 -0.10351526877603093	 0.0003415143000058747	 2.8535793937448002
 -0.87009E+00  	 -0.11059938297514134	 0.00037279357226817399	 2.9855136138920448
 -0.88192E+00  	 -0.11747938618150848	 0.00040915118814178884	 3.1581511237441666
 -0.89322E+00  	 -0.12392264305836063	 0.00045269743957112348	 3.3908014520907406
 -0.90399E+00  	 -0.12960034363052758	 0.00049552335469612446	 3.5526289822332973
 -0.91421E+00  	 -0.13409134439587536	 0.00053581445272933039	 3.6276324231701422
 -0.92388E+00  	 -0.13701451904623421	 0.00058586959699935103	 3.7527391668014811
 -0.93299E+00  	 -0.13805891501526829	 0.00064844502663473033	 3.9588776310052447
 -0.94154E+00  	 -0.1372119134473368	 0.00069894039360818858	 4.1438806037880989
 -0.94953E+00  	 -0.13511265696843441	 0.00071455491277288999	 4.1892686542841169
 -0.95694E+00  	 -0.13317891321516251	 0.00067744990233354707	 3.8298981577574045
 -0.96378E+00  	 -0.13313939595762608	 0.00068604308604321921	 3.9938532740456716
 -0.97003E+00  	 -0.13602698268412663	 0.00069868152699992638	 3.9363681861829978
 -0.97570E+00  	 -0.14134517232578203	 0.00062058986719989962	 2.6496445804060018
 -0.98079E+00  	 -0.14725237187685727	 0.00068338760937563018	 2.5590524674740234
 -0.98528E+00  	 -0.1518448859252132	 0.00074386477352612944	 2.5007242691957625
 -0.98918E+00  	 -0.15435784317020676	 0.00078644692999568376	 2.4706833977630791
 -0.99248E+00  	 -0.15519978819028696	 0.00080841433099101186	 2.4547626606334281
 -0.99518E+00  	 -0.15518529241459905	 0.00081649492217387239	 2.4457870905158128
 -0.99729E+00  	 -0.154941001791644	 0.0008181681120801881	 2.4425693307352891
 -0.99880E+00  	 -0.15476669066174795	 0.00081808978567865162	 2.4411023335143969
 -0.99970E+00  	 -0.15471031513462397	 0.00081790510534355296	 2.4412712164821593
 -0.10000E+01	 -0.15475601634453717	 0.00081841567328951796	 2.4392080340791376
