  0.10000E+01  	 1.4369884962197808e-09	 5.2775731434836896e-08	 1
  0.99970E+00  	 0.054132869004773251	 8.8145427910557157e-05	 3.7420866480190238
  0.99880E+00  	 0.21649791456276629	 0.00035251333638359366	 3.7418692722189846
  0.99729E+00  	 0.48698302153178002	 0.00079288687518859957	 3.7422122208187973
  0.99518E+00  	 0.86532947681622185	 0.0014083862045660383	 3.7425152119800642
  0.99248E+00  	 1.3508999534573383	 0.0021961808365314112	 3.7436199846323053
  0.98918E+00  	 1.9420968306931956	 0.0031476852766487251	 3.7459832993467375
  0.98528E+00  	 2.6352184546028674	 0.0042418130052838468	 3.7508957604832958
  0.98079E+00  	 3.4227104307307461	 0.0054357862661529987	 3.7599607881007984
  0.97570E+00  	 4.291236844500391	 0.006661137851305063	 3.7768265032216659
  0.97003E+00  	 5.2205487809885192	 0.0078293578230790393	 3.8049331647325335
  0.96378E+00  	 6.18420218938628	 0.0088581665085278125	 3.85259803677264
  0.95694E+00  	 7.1524281532443288	 0.0097318392917716927	 3.9590002416124412
  0.94953E+00  	 8.0963048900724406	 0.010442298557774739	 4.1348945670502104
  0.94154E+00  	 8.9917111638427762	 0.01092485452955063	 4.3251215965349239
  0.93299E+00  	 9.8218009010508514	 0.011129318921459123	 4.4663472516770559
  0.92388E+00  	 10.577572171315097	 0.011006432896208488	 4.4796139892553093
  0.91421E+00  	 11.256856909423179	 0.010739363120068594	 4.4603134298223681
  0.90399E+00  	 11.862468773227523	 0.010405779345011504	 4.4275072846555936
  0.89322E+00  	 12.400259083669955	 0.010202435823808548	 4.515277599867332
  0.88192E+00  	 12.877536513960381	 0.010228024764872974	 4.8200460021645952
  0.87009E+00  	 13.301983796907473	 0.010380793671375546	 5.2853117960865461
  0.85773E+00  	 13.681000729908819	 0.011755264556967812	 7.1137801126423126
  0.84485E+00  	 14.021362450628422	 0.010752023292768753	 6.3978888220055987
  0.83147E+00  	 14.329128637207475	 0.00978997086985256	 5.6899062129617484
  0.81758E+00  	 14.609627763576986	 0.0089670181529731361	 5.1246225959731788
  0.80321E+00  	 14.867411453536622	 0.0083377307293165635	 4.7619858294488546
  0.78835E+00  	 15.106166248759397	 0.0078805164996700993	 4.5480931426833457
  0.77301E+00  	 15.32869732337158	 0.0075498109589929099	 4.410781843746272
  0.75721E+00  	 15.537271774326914	 0.0073329846066950075	 4.3567224888380327
  0.74095E+00  	 15.733919335267485	 0.0074038213536507178	 4.6360429138700399
  0.72425E+00  	 15.920373143130133	 0.0072188934999621182	 4.5985730315150883
  0.70711E+00  	 16.097958614618943	 0.0070417988483895862	 4.4982281802648192
  0.68954E+00  	 16.267567184222514	 0.0071433678734833901	 4.6760400389311716
  0.67156E+00  	 16.429860304006532	 0.0073703753428196522	 4.949919168429731
  0.65317E+00  	 16.585497301920409	 0.0076406971282612828	 5.2277070568001642
  0.63439E+00  	 16.735056015659687	 0.0077910552492743788	 5.3412732569614283
  0.61523E+00  	 16.878881254655653	 0.0078104518575007531	 5.3003012797715048
  0.59570E+00  	 17.017200571234827	 0.0077172019119392012	 5.1305452083041541
  0.57581E+00  	 17.150297198430255	 0.0075720657390663318	 4.9270675180847672
  0.55557E+00  	 17.278391263423526	 0.0075054562030281565	 4.8864659946035616
  0.53500E+00  	 17.401718959682906	 0.0075189765503287315	 5.0117094199001206
  0.51410E+00  	 17.520525429387373	 0.0075474238328221577	 5.188329102633884
  0.49290E+00  	 17.63492241585681	 0.0075024114635229913	 5.2710694617072482
  0.47140E+00  	 17.744988437345558	 0.0074437357278238046	 5.3343347782635266
  0.44961E+00  	 17.85081828790041	 0.0062427737160681571	 3.933062820554071
  0.42756E+00  	 17.952298906597417	 0.006272292383535368	 4.0758055168600436
  0.40524E+00  	 18.049033281549015	 0.0063341025534440834	 4.2449534946565946
  0.38268E+00  	 18.140922313979427	 0.0063565761133919417	 4.4137901372784363
  0.35990E+00  	 18.228236309493958	 0.0063380177979181765	 4.5696455021382629
  0.33689E+00  	 18.311107222353399	 0.007596264304942482	 6.6877376014957841
  0.31368E+00  	 18.389334637233599	 0.0076421491626636586	 6.9938765919023576
  0.29028E+00  	 18.462496525541027	 0.0077798601933131047	 7.4574562718815054
  0.26671E+00  	 18.530420661610641	 0.0080293342411122143	 8.0652643772523316
  0.24298E+00  	 18.593154498829929	 0.0083166759392744403	 8.6774770934975454
  0.21910E+00  	 18.650516349595307	 0.0085271311582319521	 9.1026785696887416
  0.19509E+00  	 18.70226796675945	 0.0086067381019628089	 9.2231249255946075
  0.17096E+00  	 18.748272299491795	 0.0071152376586631353	 6.4344554062052595
  0.14673E+00  	 18.788395248248779	 0.0069639324484271209	 6.1233842486287866
  0.12241E+00  	 18.822473417009132	 0.0068442933321882912	 5.908533037497083
  0.98017E-01  	 18.850353888847501	 0.0067338108220101767	 5.7439929737403368
  0.73565E-01  	 18.871999754470057	 0.0065706189900861236	 5.5083176413048216
  0.49068E-01  	 18.887415836965914	 0.0064650195018073914	 5.3554585737910365
  0.24541E-01  	 18.896463896028507	 0.0064908587822242571	 5.3575749485106297
  0.61232E-16  	 18.89905195064026	 0.006564076042189549	 5.3912937870321516
 -0.24541E-01  	 18.895222013118577	 0.0065920304664914822	 5.3087654676893488
 -0.49068E-01  	 18.885066852324929	 0.0066265895598534063	 5.2167655860785462
 -0.73565E-01  	 18.868641760942001	 0.0068118973508165086	 5.3917351263124678
 -0.98017E-01  	 18.845875829966147	 0.0071288743692083135	 5.834127290052467
 -0.12241E+00  	 18.816799693082984	 0.0087446516089786722	 8.5870517395536279
 -0.14673E+00  	 18.781562083046786	 0.0088857436396464901	 8.9707394281541504
 -0.17096E+00  	 18.740279524937662	 0.0074757107285380918	 6.5700204239073798
 -0.19509E+00  	 18.693193106524607	 0.0074332402252983779	 6.4997137268171574
 -0.21910E+00  	 18.640454353272691	 0.0074377820044287208	 6.4669496880382207
 -0.24298E+00  	 18.582132508517002	 0.0074194868017428712	 6.3690198714144488
 -0.26671E+00  	 18.518456452328238	 0.0072723981278818182	 6.0890246403693578
 -0.29028E+00  	 18.449690879777446	 0.0069835221617199125	 5.6397835610507858
 -0.31368E+00  	 18.376028646307688	 0.0066806694688196127	 5.218257850211562
 -0.33689E+00  	 18.297532611021822	 0.0064502462906072516	 4.9160041185742456
 -0.35990E+00  	 18.214337063072321	 0.0062567087715729624	 4.6512236687874839
 -0.38268E+00  	 18.12670484005827	 0.0061149622626361895	 4.4286673768447624
 -0.40524E+00  	 18.034713458935101	 0.0060368209192655873	 4.2914265901689719
 -0.42756E+00  	 17.938350014599106	 0.0059877416688464725	 4.2081751127976412
 -0.44961E+00  	 17.837496325561435	 0.0059299615473373595	 4.1087342704289869
 -0.47140E+00  	 17.732040614752911	 0.005845224901901442	 3.9628043108201636
 -0.49290E+00  	 17.621940691503525	 0.0057851326120946355	 3.8256361880766603
 -0.51410E+00  	 17.507333432697429	 0.00575681123204009	 3.73399044848157
 -0.53500E+00  	 17.388351608721901	 0.0057034376998570495	 3.6731971221344413
 -0.55557E+00  	 17.264928956529317	 0.0056091217514293284	 3.614272545025444
 -0.57581E+00  	 17.136967555911465	 0.0055124222448245039	 3.5743514727843455
 -0.59570E+00  	 17.004241606355535	 0.0063400792075821825	 4.7450354955961549
 -0.61523E+00  	 16.866519160943437	 0.0061311265529513971	 4.419755847028112
 -0.63439E+00  	 16.723666165447629	 0.006103789239914976	 4.2753524023878766
 -0.65317E+00  	 16.575403401986513	 0.0062234801368642578	 4.2634498539491856
 -0.67156E+00  	 16.421186023454737	 0.0064753273237152	 4.3576243242928436
 -0.68954E+00  	 16.260527461171709	 0.0068392796072299974	 4.5622855056324516
 -0.70711E+00  	 16.092805159773086	 0.0072900084180917779	 4.868250189610519
 -0.72425E+00  	 15.917218229593688	 0.0078229161678747966	 5.2226605340824106
 -0.74095E+00  	 15.732764487386444	 0.0085140086231639805	 5.6843188613075633
 -0.75721E+00  	 15.538210285041499	 0.0093679262995094333	 6.3062434886017451
 -0.77301E+00  	 15.331866418954718	 0.010192927173391144	 6.9139537138076426
 -0.78835E+00  	 15.111490946260487	 0.010841571708245401	 7.3609827936983381
 -0.80321E+00  	 14.874568054207792	 0.011292175423567865	 7.6743803800219279
 -0.81758E+00  	 14.618230730786358	 0.011562564240038282	 7.8834408791366162
 -0.83147E+00  	 14.338956726452047	 0.011674360237842516	 7.9391323250880115
 -0.84485E+00  	 14.032431760259779	 0.011626078419294123	 7.8001810214867069
 -0.85773E+00  	 13.693555688507713	 0.01145050765071718	 7.5130070243257618
 -0.87009E+00  	 13.316348761385804	 0.011179453286032136	 7.1072444850752303
 -0.88192E+00  	 12.893873685969908	 0.0088864396977064962	 4.5239414391400974
 -0.89322E+00  	 12.418457135909833	 0.0082069251820522972	 3.7564348268206098
 -0.90399E+00  	 11.882146907999555	 0.0083159033973873621	 3.6567129109644667
 -0.91421E+00  	 11.277453246450149	 0.0089626131666637552	 3.9420542462519106
 -0.92388E+00  	 10.598444414883202	 0.0099512828706987983	 4.4636265559765063
 -0.93299E+00  	 9.8423213199787849	 0.01082316254582723	 4.8873828278481621
 -0.94154E+00  	 9.0113285829602461	 0.011405596443904797	 5.1552416054048855
 -0.94953E+00  	 8.1145421136167339	 0.011510067966037428	 5.2159764226036183
 -0.95694E+00  	 7.1688755130303683	 0.011063643058714823	 5.0974453464204714
 -0.96378E+00  	 6.1985617581309924	 0.010133010586208158	 4.8827221715588909
 -0.97003E+00  	 5.2326823547423587	 0.012276426525029149	 8.5497224422090046
 -0.97570E+00  	 4.3011691702063146	 0.010470355429259039	 8.452068356680245
 -0.98079E+00  	 3.4305872918619422	 0.0085374829526059532	 8.3685423523260294
 -0.98528E+00  	 2.6412532637655928	 0.0066479139582047543	 8.3006224064347602
 -0.98918E+00  	 1.946529744105409	 0.0049246660520720362	 8.2566477520101618
 -0.99248E+00  	 1.3539778886376654	 0.0034326644377317855	 8.2329777741659402
 -0.99518E+00  	 0.86729934352875637	 0.0022004798571403322	 8.2228696861542616
 -0.99729E+00  	 0.48809124180060592	 0.001238626951849009	 8.2187272919289356
 -0.99880E+00  	 0.21699050294102598	 0.0005507128418068152	 8.2188609623540447
 -0.99970E+00  	 0.054256041148046212	 0.00013769473470115443	 8.2176094286797117
 -0.10000E+01	 -3.4634902942309861e-08	 5.4511428092816006e-08	 1
