  0.10000E+01  	 1.757844966627617e-08	 1.9255705812815085e-10	 1
  0.99970E+00  	 0.00045264562930398794	 2.7870284064566601e-06	 3.0353791238263588
  0.99880E+00  	 0.0072405254732285963	 4.4581088203971158e-05	 3.0349009730046723
  0.99729E+00  	 0.036639631019384347	 0.0002255554631107191	 3.0346524406597881
  0.99518E+00  	 0.11568354376114186	 0.00071176601569590396	 3.0345456665968564
  0.99248E+00  	 0.28161566927294984	 0.0017299130576138788	 3.0379644827761232
  0.98918E+00  	 0.57956667641889392	 0.0035454532878973115	 3.0496056023670723
  0.98528E+00  	 1.0558347947466002	 0.0063969601230072781	 3.0732261370798311
  0.98079E+00  	 1.7441954495792051	 0.010362774704085613	 3.1054417681443893
  0.97570E+00  	 2.6469321303375155	 0.015204165147362086	 3.1353487923756158
  0.97003E+00  	 3.7200420208050566	 0.02033749605465145	 3.1513283139260384
  0.96378E+00  	 4.8750499833254084	 0.025061567524232831	 3.1546008531618015
  0.95694E+00  	 6.0007707810815036	 0.028919062578710963	 3.167171416727804
  0.94953E+00  	 6.9940234815745441	 0.031847203377245489	 3.2215333854081867
  0.94154E+00  	 7.7833371461290488	 0.033997862541558975	 3.3377800613371869
  0.93299E+00  	 8.3371922546233712	 0.035449584270332603	 3.5038013434827535
  0.92388E+00  	 8.6589719179840436	 0.036066272960776635	 3.6647472518060478
  0.91421E+00  	 8.7753416243266411	 0.035586767856446794	 3.7293075186586044
  0.90399E+00  	 8.7241470988341323	 0.033998681467555948	 3.6375474047783718
  0.89322E+00  	 8.5455921834976269	 0.031799194618488055	 3.4361866902578648
  0.88192E+00  	 8.2770102470372677	 0.025724379699788205	 2.455710515463386
  0.87009E+00  	 7.9503441529873662	 0.024225275151323705	 2.3694017054470478
  0.85773E+00  	 7.5912733463844608	 0.02536845526376056	 2.8326142091665654
  0.84485E+00  	 7.2186428905045954	 0.023742685293554333	 2.7325786558541969
  0.83147E+00  	 6.8452734203131866	 0.022552014882264691	 2.6959669610959658
  0.81758E+00  	 6.4796811847981006	 0.019701251126825269	 2.2381056363923397
  0.80321E+00  	 6.1268703471510237	 0.019075065835177523	 2.2540947508227602
  0.78835E+00  	 5.7898888194928357	 0.018559748352071893	 2.2730854745496218
  0.77301E+00  	 5.4703544153495098	 0.018138727770458152	 2.2874638370918556
  0.75721E+00  	 5.1690531365553385	 0.01766153764559119	 2.2657671564829429
  0.74095E+00  	 4.8855990197337542	 0.016981848922572901	 2.1752966220263299
  0.72425E+00  	 4.6186534733570239	 0.017642122413348608	 2.4235997881658502
  0.70711E+00  	 4.3675629780227538	 0.016845501128049771	 2.3213400490548888
  0.68954E+00  	 4.1316128824337346	 0.016197750209488271	 2.2898706602329923
  0.67156E+00  	 3.910483659756637	 0.015885862065574664	 2.3421771331979793
  0.65317E+00  	 3.7034506177070448	 0.015734772437442913	 2.4434477430917165
  0.63439E+00  	 3.5090357127714076	 0.015716268239063878	 2.5442861948094588
  0.61523E+00  	 3.3261172939851487	 0.015731452225099012	 2.6121248632598904
  0.59570E+00  	 3.1532428950910969	 0.015529626665322229	 2.5860748668137474
  0.57581E+00  	 2.9896277090237482	 0.015196436296802011	 2.543048530410446
  0.55557E+00  	 2.8348719282853483	 0.014884599056332147	 2.5756326976893771
  0.53500E+00  	 2.6877652867063588	 0.014465150230135055	 2.6467347681434359
  0.51410E+00  	 2.5470252043452684	 0.013897450434577848	 2.741526357660538
  0.49290E+00  	 2.4125517845850899	 0.013408807308296111	 2.8674365528467494
  0.47140E+00  	 2.284251117979514	 0.013146154184267466	 3.0798278506839183
  0.44961E+00  	 2.1613404417749296	 0.012843809288882914	 3.2919621148429368
  0.42756E+00  	 2.0439130654788116	 0.012802695346950591	 3.5228219816484163
  0.40524E+00  	 1.9332934180647408	 0.013099647670479223	 3.7725786126371261
  0.38268E+00  	 1.8287934042928229	 0.013218936910892104	 3.9245364407749475
  0.35990E+00  	 1.7291317069698779	 0.012954020977200388	 3.9424244263880621
  0.33689E+00  	 1.6339149779756181	 0.01262763073299936	 3.9426918497088455
  0.31368E+00  	 1.5434458627729266	 0.012208620746432645	 3.945576364207541
  0.29028E+00  	 1.4581911432932118	 0.01166041063358909	 3.968399114507609
  0.26671E+00  	 1.3780269878039908	 0.011326950351207208	 4.0934256966501543
  0.24298E+00  	 1.30311226979713	 0.011272854830560886	 4.3397090589851697
  0.21910E+00  	 1.2343682792378545	 0.011313896765033016	 4.596520451577506
  0.19509E+00  	 1.1718056095945997	 0.011207488078188232	 4.7163226091205868
  0.17096E+00  	 1.1153369258956694	 0.010911923706972734	 4.6769692771494054
  0.14673E+00  	 1.0656255614736818	 0.010545092011107237	 4.4826254604392242
  0.12241E+00  	 1.0231502699517045	 0.010306010873289284	 4.3113129807307642
  0.98017E-01  	 0.98827596114601224	 0.010162258721065281	 4.2311175271091317
  0.73565E-01  	 0.96098423740873828	 0.010107822274323004	 4.2730338107790109
  0.49068E-01  	 0.94140319995367316	 0.010063174220884888	 4.412388453300192
  0.24541E-01  	 0.92977874262809335	 0.010078058752773322	 4.6803645189752929
  0.61232E-16  	 0.92598528171288519	 0.0085668177080986015	 3.6177800791951449
 -0.24541E-01  	 0.93012972943655647	 0.0082441110436063548	 3.5248028791159478
 -0.49068E-01  	 0.94209606679874658	 0.0080143527527757798	 3.4537113823313015
 -0.73565E-01  	 0.96156508587737899	 0.007795306337214457	 3.3419048851257922
 -0.98017E-01  	 0.98853814850114652	 0.0076158059280822176	 3.2516271691469254
 -0.12241E+00  	 1.0230545033454632	 0.0088601538828228694	 4.4188744941451557
 -0.14673E+00  	 1.064706928052896	 0.0087406071845772537	 4.252141979503909
 -0.17096E+00  	 1.1133920023972026	 0.0088261421594020371	 4.1204876387426186
 -0.19509E+00  	 1.168532857545614	 0.0091294618026777768	 4.0932468202503722
 -0.21910E+00  	 1.2298643811465035	 0.0094915321218367304	 4.0470998176039892
 -0.24298E+00  	 1.2981323045745754	 0.0096470488955212683	 3.8520633343808672
 -0.26671E+00  	 1.3723694947640752	 0.0096584626370769429	 3.6454390884794114
 -0.29028E+00  	 1.4518030514544511	 0.0096877807297949432	 3.5415633118018461
 -0.31368E+00  	 1.536494401012239	 0.009720799964766191	 3.4319764409714448
 -0.33689E+00  	 1.6263754217743061	 0.009600743072667943	 3.1884957959736511
 -0.35990E+00  	 1.7216267174915865	 0.0094911472855586133	 2.9638585635816539
 -0.38268E+00  	 1.8217137585817116	 0.0093772338627281689	 2.7875333031905809
 -0.40524E+00  	 1.9267930151977153	 0.0092414658485340997	 2.6086430523024382
 -0.42756E+00  	 2.0368153689693091	 0.009217330470065007	 2.4554679584381112
 -0.44961E+00  	 2.1518814252776921	 0.008850110259416304	 2.0926162364386909
 -0.47140E+00  	 2.2723865142910533	 0.0092056333332071871	 2.0388758937514111
 -0.49290E+00  	 2.3985155252321566	 0.0096994047525722268	 2.0292428824692537
 -0.51410E+00  	 2.5311283633062991	 0.010213816293603892	 2.0399291417769279
 -0.53500E+00  	 2.6710052189884594	 0.010556554632553575	 2.0140166673771756
 -0.55557E+00  	 2.8181472359594055	 0.011489662489075585	 2.220032185171819
 -0.57581E+00  	 2.9729475849344666	 0.011814569104921005	 2.1645898234134151
 -0.59570E+00  	 3.1369226552220013	 0.012068588884353882	 2.0895401822724953
 -0.61523E+00  	 3.311233282853471	 0.0122086434514841	 2.0257559259361524
 -0.63439E+00  	 3.4966392330749567	 0.01232828178152791	 2.0000345373738697
 -0.65317E+00  	 3.6931825630690849	 0.01251089239737563	 2.0179135398855021
 -0.67156E+00  	 3.9012460555898438	 0.012741802952282444	 2.0577338184050009
 -0.68954E+00  	 4.1216107914124915	 0.013126746217060314	 2.1443923894719616
 -0.70711E+00  	 4.3555167644376391	 0.013847012009848076	 2.2905691457466775
 -0.72425E+00  	 4.6046162847374985	 0.014992700120293903	 2.5053671101936659
 -0.74095E+00  	 4.8702011436261756	 0.016336245241314828	 2.6905360091119332
 -0.75721E+00  	 5.1528071582453148	 0.017532284542390121	 2.7857986493245734
 -0.77301E+00  	 5.4530172767416234	 0.018553687594181537	 2.8249149924425385
 -0.78835E+00  	 5.7722418054766598	 0.019795857013494535	 2.9209902045894762
 -0.80321E+00  	 6.1107415569698755	 0.021386299742184211	 3.1149235068733701
 -0.81758E+00  	 6.4668512290558153	 0.023228423193443329	 3.3508424509800165
 -0.83147E+00  	 6.8372271225724148	 0.021730664664140951	 2.6612539792109655
 -0.84485E+00  	 7.2166102485887746	 0.027770434079225002	 3.8196941496831736
 -0.85773E+00  	 7.5964692742419127	 0.030483806657846051	 4.0622558447747785
 -0.87009E+00  	 7.9632712742809462	 0.03278981195252096	 4.1611542718007382
 -0.88192E+00  	 8.2977200706565881	 0.02952482426839197	 3.0446523315113199
 -0.89322E+00  	 8.5742899751426869	 0.030682511577378679	 2.9843426501181978
 -0.90399E+00  	 8.7609054158839932	 0.031160213138590746	 2.8716776850298351
 -0.91421E+00  	 8.8195415935284522	 0.031245889798709865	 2.7781851331735825
 -0.92388E+00  	 8.7088017542798699	 0.031034693184379451	 2.7327190513279533
 -0.93299E+00  	 8.3898708134142996	 0.030568003641993788	 2.7546924142537055
 -0.94154E+00  	 7.8356503933301811	 0.029639916605467057	 2.8117536099006282
 -0.94953E+00  	 7.0425174629001628	 0.027874723906139189	 2.8286748269109676
 -0.95694E+00  	 6.0421991196556109	 0.025091732169104614	 2.7671220266728467
 -0.96378E+00  	 4.9073586017160427	 0.021445523218798661	 2.6648285952049435
 -0.97003E+00  	 3.7430295202429527	 0.01725853864720988	 2.5806137165196001
 -0.97570E+00  	 2.6619628630488985	 0.012877368568778837	 2.5218967114572357
 -0.98079E+00  	 1.7533125684286071	 0.008803570615364702	 2.486046819612842
 -0.98528E+00  	 1.0609940849399326	 0.0054623719193346541	 2.4646696100195333
 -0.98918E+00  	 0.58227532242417579	 0.0030417668219640463	 2.4522142681214762
 -0.99248E+00  	 0.28290137737708243	 0.0014887233026496137	 2.4455237919986006
 -0.99518E+00  	 0.11620653281585967	 0.00061344749786174731	 2.442597149471482
 -0.99729E+00  	 0.036804748069082349	 0.00019450890489942108	 2.4414341174446599
 -0.99880E+00  	 0.0072731259932439056	 3.8449161690003391e-05	 2.4413662767650388
 -0.99970E+00  	 0.0004546836949058631	 2.4038238735525584e-06	 2.441081771561838
 -0.10000E+01	 1.7549279089989247e-08	 1.8223371862076729e-10	 1
