  0.10000E+01  
  0.99970E+00  
  0.99880E+00  
  0.99729E+00  
  0.99518E+00  
  0.99248E+00  
  0.98918E+00  
  0.98528E+00  
  0.98079E+00  
  0.97570E+00  
  0.97003E+00  
  0.96378E+00  
  0.95694E+00  
  0.94953E+00  
  0.94154E+00  
  0.93299E+00  
  0.92388E+00  
  0.91421E+00  
  0.90399E+00  
  0.89322E+00  
  0.88192E+00  
  0.87009E+00  
  0.85773E+00  
  0.84485E+00  
  0.83147E+00  
  0.81758E+00  
  0.80321E+00  
  0.78835E+00  
  0.77301E+00  
  0.75721E+00  
  0.74095E+00  
  0.72425E+00  
  0.70711E+00  
  0.68954E+00  
  0.67156E+00  
  0.65317E+00  
  0.63439E+00  
  0.61523E+00  
  0.59570E+00  
  0.57581E+00  
  0.55557E+00  
  0.53500E+00  
  0.51410E+00  
  0.49290E+00  
  0.47140E+00  
  0.44961E+00  
  0.42756E+00  
  0.40524E+00  
  0.38268E+00  
  0.35990E+00  
  0.33689E+00  
  0.31368E+00  
  0.29028E+00  
  0.26671E+00  
  0.24298E+00  
  0.21910E+00  
  0.19509E+00  
  0.17096E+00  
  0.14673E+00  
  0.12241E+00  
  0.98017E-01  
  0.73565E-01  
  0.49068E-01  
  0.24541E-01  
  0.61232E-16  
 -0.24541E-01  
 -0.49068E-01  
 -0.73565E-01  
 -0.98017E-01  
 -0.12241E+00  
 -0.14673E+00  
 -0.17096E+00  
 -0.19509E+00  
 -0.21910E+00  
 -0.24298E+00  
 -0.26671E+00  
 -0.29028E+00  
 -0.31368E+00  
 -0.33689E+00  
 -0.35990E+00  
 -0.38268E+00  
 -0.40524E+00  
 -0.42756E+00  
 -0.44961E+00  
 -0.47140E+00  
 -0.49290E+00  
 -0.51410E+00  
 -0.53500E+00  
 -0.55557E+00  
 -0.57581E+00  
 -0.59570E+00  
 -0.61523E+00  
 -0.63439E+00  
 -0.65317E+00  
 -0.67156E+00  
 -0.68954E+00  
 -0.70711E+00  
 -0.72425E+00  
 -0.74095E+00  
 -0.75721E+00  
 -0.77301E+00  
 -0.78835E+00  
 -0.80321E+00  
 -0.81758E+00  
 -0.83147E+00  
 -0.84485E+00  
 -0.85773E+00  
 -0.87009E+00  
 -0.88192E+00  
 -0.89322E+00  
 -0.90399E+00  
 -0.91421E+00  
 -0.92388E+00  
 -0.93299E+00  
 -0.94154E+00  
 -0.94953E+00  
 -0.95694E+00  
 -0.96378E+00  
 -0.97003E+00  
 -0.97570E+00  
 -0.98079E+00  
 -0.98528E+00  
 -0.98918E+00  
 -0.99248E+00  
 -0.99518E+00  
 -0.99729E+00  
 -0.99880E+00  
 -0.99970E+00  
 -0.10000E+01
